qid iteration docid relevancy
1 0 uhq8tp4u 9.480869090569755
1 0 r0peje13 9.3826303719859
1 0 b6qts3n0 9.35680139735555
1 0 o908k448 9.148213893175333
1 0 c4vk23a6 9.106145789607071
1 0 su8czd4x 9.051394636903902
1 0 ewpfxpw2 9.040817361417814
1 0 vimbhox4 9.017268746493944
1 0 gzcbwys1 9.011806888445054
1 0 75dwpw6l 8.996921338296396
1 0 wlmu65vm 8.99683801818597
1 0 0l86swz1 8.986564758380528
1 0 ia3rct46 8.982863063639785
1 0 6y1gwszn 8.982776643696281
1 0 3y15awzt 8.975045756218098
1 0 d9b61b7s 8.963396721002628
1 0 gruir7aw 8.95815719868979
1 0 x5p99wdq 8.934014931382892
1 0 6p71pt8i 8.933933766803353
1 0 0tpy95ki 8.915688002054415
1 0 3kmxzbm7 8.91560805925405
1 0 476uhzb6 8.903260118149287
1 0 2c6glawt 8.901747539232035
1 0 81iok0af 8.901665557986265
1 0 j9vpgw4v 8.898037153697716
1 0 fr2dc8u4 8.889381574727427
1 0 d4yidznm 8.880377444962523
1 0 j318qn5p 8.877401277351566
1 0 ab757i3f 8.877317183280013
1 0 0khg28ex 8.854333165256994
1 0 9fngwsh3 8.853703950079732
1 0 rl62z986 8.837364250570367
1 0 svqzqztq 8.837282131651198
1 0 yl6qynnm 8.836320495086794
1 0 zhi8okeu 8.833466853969783
1 0 t01njoxo 8.83338506730652
1 0 40tgyur8 8.823002881769439
1 0 3y47oszt 8.822923047829084
1 0 hmvo5b0q 8.813513754739516
1 0 68wbeol7 8.812991554285869
1 0 xef6fr39 8.81290934820788
1 0 0tdt0wej 8.809357156846362
1 0 0phtilhi 8.80701559518447
1 0 puuxjekp 8.802562379321593
1 0 oahh6qkq 8.802484230575153
1 0 c5z7ug0n 8.788050776371824
1 0 xpf9mec6 8.787969913121566
1 0 m3i4p928 8.779137633447753
1 0 26pls6wf 8.776134420931083
1 0 evbulpqv 8.77605541020659
1 0 meow96jd 8.773653941033924
1 0 erdos4yw 8.773571115189457
1 0 d4sjferd 8.770101279123823
1 0 r5h8z259 8.769631666399517
1 0 i14gkdw0 8.765120411872003
1 0 vhwghd5n 8.763801191772544
1 0 ojwbuf9n 8.76351674290347
1 0 zc97orc4 8.763260997792736
1 0 3uzsx715 8.763183741701907
1 0 yc0fbuxl 8.762899137700863
1 0 mp3196kj 8.762820166524229
1 0 bzc355di 8.7603238769448
1 0 zrp4bhgh 8.760244532455925
1 0 iloyi3rs 8.7537914317821
1 0 j9ghqr9a 8.749843202872924
1 0 nj8zbqek 8.74976343651499
1 0 bxfyse59 8.74907546365097
1 0 hl1eq3eb 8.749007296252811
1 0 66j1icdo 8.740396201417758
1 0 3k6d5267 8.735512838686045
1 0 vaovwwkp 8.733303670887262
1 0 2lxs9laj 8.733224379765351
1 0 zz24hrva 8.717582120497982
1 0 6bv54unc 8.717501764653333
1 0 jxw6lr8d 8.713381116592553
1 0 gxarfjkn 8.711522688930499
1 0 cmaok4w6 8.708445636663006
1 0 ilmbu8j0 8.708364906350111
1 0 mfd2mlmk 8.708201167320158
1 0 rd0bwuqc 8.706585170975337
1 0 cn89d1mx 8.706507259989252
1 0 wrqpb5qa 8.703530952087764
1 0 up5jpq45 8.692511320779213
1 0 w9rs7z9t 8.6820003667209
1 0 ntcecuc2 8.680450802274317
1 0 cot6gtz3 8.680366549149893
1 0 b5lcv77o 8.676706925016928
1 0 dm0ojalv 8.674211977908051
1 0 cd2mgrc7 8.67332903360439
1 0 r4hnr8d4 8.673156864212327
1 0 zvvdqk4b 8.672711063217909
1 0 r4xcx88f 8.669350721733446
1 0 kzk66w6y 8.669270510011557
1 0 1uriiqhh 8.66919029813846
1 0 t73439c3 8.664204527573881
1 0 2qugltxu 8.66177117166893
1 0 71hm0zu0 8.656961430880411
1 0 mzsrg0sn 8.656883030804549
2 0 b5lcv77o 13.684680211384004
2 0 btdjmlf9 13.21702413919216
2 0 a27luzwj 13.216902416735886
2 0 hmvo5b0q 13.103204203885985
2 0 b6qts3n0 13.083437159804062
2 0 mp6vfgky 13.01487829389578
2 0 0l86swz1 12.964452317021092
2 0 k0d3cga7 12.949320505783563
2 0 c17eijdt 12.936044586973686
2 0 9yenf9w3 12.891547828837046
2 0 dh7sbhit 12.768368580520653
2 0 r0peje13 12.766202774323766
2 0 bqikpnkb 12.721922849792977
2 0 3rsbtrzh 12.721810072637954
2 0 y6ptulmy 12.699713584479234
2 0 zhi8okeu 12.683648265559402
2 0 t01njoxo 12.683530831115283
2 0 66j1icdo 12.66759506382651
2 0 tultugdf 12.664119695254714
2 0 9t86emhq 12.664001233550842
2 0 kmr22ux4 12.663882771529124
2 0 g13y00lz 12.656926836570888
2 0 lh2nednu 12.656810368824408
2 0 qahldmz3 12.637306274143258
2 0 39s9oj74 12.635824851903891
2 0 i7gr98xo 12.635710843926475
2 0 bu1ib2ul 12.631678314688092
2 0 buqzcu9f 12.618262871285019
2 0 0f5su3xo 12.618143058493997
2 0 0ak3wypc 12.59719033646401
2 0 6fmuh2or 12.593628004879406
2 0 d4sjferd 12.589053688413204
2 0 2147o7qw 12.586790292585992
2 0 ba8s8d0m 12.570638251416565
2 0 fa53v1xu 12.57052396829714
2 0 dr3hk8d9 12.570409684961556
2 0 uhq8tp4u 12.554202757416318
2 0 598n91gb 12.547378562650813
2 0 cleximpf 12.540728359779456
2 0 juz4s3kb 12.537046717317535
2 0 ckj9c469 12.526949495722938
2 0 s0u6lcl4 12.486520005415318
2 0 e3vsaj8i 12.48640354111421
2 0 vnaw2d98 12.437573517708211
2 0 drgay9n0 12.432728307431987
2 0 pf2g0e08 12.420899814843754
2 0 w9vaxpgw 12.412874349749067
2 0 8kc6t9v1 12.412760120481476
2 0 qekxxsfy 12.412003600197577
2 0 8x99pb3w 12.40388008549476
2 0 xo7vyahe 12.397514289400801
2 0 zz24hrva 12.396256481498419
2 0 6bv54unc 12.3961422168266
2 0 sg8epmf0 12.395363535789775
2 0 ntcecuc2 12.386989068070799
2 0 cot6gtz3 12.386868839000334
2 0 u1claajf 12.38586502814609
2 0 i14gkdw0 12.385681343923453
2 0 li7f5x0g 12.37612511209303
2 0 gn2iyh8r 12.363173375951199
2 0 82fzs0b3 12.363041983506259
2 0 4lm663f1 12.361855033862968
2 0 bayj4dtg 12.361100803065614
2 0 3eke2h8o 12.345645817909332
2 0 lpwbaejp 12.345530917924673
2 0 ofuzk4by 12.345416017708027
2 0 a290vxor 12.343611807510806
2 0 co1mu99a 12.338818180889376
2 0 k68f3rd5 12.336487857972502
2 0 eiek6olk 12.333201532458206
2 0 481uktzz 12.321254204866339
2 0 r4xcx88f 12.31811509281612
2 0 kzk66w6y 12.31800112151034
2 0 1uriiqhh 12.31788714998971
2 0 heartxeu 12.317415341567022
2 0 su6tmi2b 12.315652938721385
2 0 1bckjrbq 12.314798907514799
2 0 x3dzaj6c 12.3126749987729
2 0 2mapwiff 12.304788521413629
2 0 y74ld3s3 12.291881035866947
2 0 vaovwwkp 12.290117819482301
2 0 2lxs9laj 12.290006235450983
2 0 8patrxld 12.283863980664918
2 0 v0bt747q 12.282063614919583
2 0 538mkxfu 12.281683782281709
2 0 7y2do769 12.280533220945856
2 0 kqj4wwx5 12.279596142087511
2 0 0tdt0wej 12.277311401168047
2 0 c4vk23a6 12.264482384803392
2 0 012f0g4y 12.26420015962875
2 0 owby50fr 12.260350788701302
2 0 2aekeywi 12.258097369143009
2 0 jd8g61lz 12.25798355889492
2 0 41fia41g 12.25786974832999
2 0 80c471y3 12.257393816829719
2 0 04rbtmmi 12.25494582077118
2 0 j5j3hxxw 12.24639278068052
2 0 j318qn5p 12.241998100552065
2 0 ab757i3f 12.24188213424255
2 0 u8le60xj 12.232029466526669
3 0 zvvdqk4b 12.859413119500863
3 0 czs6o57t 12.77650770151838
3 0 wxqe231k 12.776391693234944
3 0 6srdo5kx 12.407032943520512
3 0 8s8gezpz 12.305208775300832
3 0 iadwmqy7 12.245076971023227
3 0 tujd3j7q 12.242873597676343
3 0 8clnrlec 12.21630982079076
3 0 0l86swz1 12.207490227664294
3 0 ojwbuf9n 12.203735897626737
3 0 h23w89h2 12.190805451740824
3 0 3ys0il97 12.184728774572047
3 0 w66gtl3b 12.184619449352658
3 0 t3sjv4hv 12.170672085065739
3 0 3ic4i0x4 12.167796928543694
3 0 f6ge0y6z 12.137442746785169
3 0 100pko8b 12.118727010156787
3 0 bc1huphj 12.08501182877885
3 0 sc8q1rox 12.084895729975507
3 0 0phtilhi 12.079067211036167
3 0 fr2dc8u4 12.078402358169484
3 0 bdwc7ig6 12.053076515978637
3 0 cydhg0jz 12.051983304939748
3 0 dd836h0r 12.042701501776918
3 0 li7f5x0g 12.027699639867473
3 0 5jl6ltfj 12.018657022073615
3 0 ugppoay3 12.008085726087206
3 0 nhugxfrh 11.997857064543792
3 0 ak5q5px1 11.993987556919166
3 0 2qugltxu 11.992993571493274
3 0 7ilz0gus 11.988337723027954
3 0 npp1y2ay 11.960216029548333
3 0 99j9qqg3 11.935297443060685
3 0 jcimpmhm 11.915265506279976
3 0 m1evoj5p 11.915154915246267
3 0 7ns5omnu 11.908465348346096
3 0 hczmytse 11.90157076438285
3 0 sq8yc8sa 11.901208598872758
3 0 j3ht77v8 11.897351213241071
3 0 leirrg9x 11.887150046373163
3 0 pfj50ftg 11.887045339477433
3 0 bg7re61w 11.870880933016329
3 0 j1vqgxke 11.870773580775108
3 0 ydjffm3t 11.870319302516316
3 0 76m7kcig 11.870209025682254
3 0 njhkhmhh 11.867858015045627
3 0 9vbmvh2o 11.8577977650031
3 0 475mlx92 11.847241610641069
3 0 nppe3k4j 11.847135847154092
3 0 ir5mv8q0 11.847030083417856
3 0 d4yidznm 11.845606727899773
3 0 oqu072nx 11.841239151250027
3 0 vm3fayex 11.836013266656991
3 0 8vjg5zcg 11.835781868652832
3 0 7aaedir8 11.832976768203146
3 0 d6shjb1k 11.832871621891215
3 0 slplx4ok 11.81590460938166
3 0 9yenf9w3 11.786835420033825
3 0 r5h8z259 11.784860353812947
3 0 zlk5pdp5 11.7820244621543
3 0 bxfyse59 11.779951375265796
3 0 fqo4leif 11.773144232383695
3 0 p4evg1xb 11.770265764472219
3 0 uhi0g9fh 11.763064687195019
3 0 9tuhlz1y 11.759497114283477
3 0 yta9eqab 11.75738762255267
3 0 fetazhty 11.752092959726602
3 0 ct4avetf 11.737320989337586
3 0 fxuk7x12 11.735550253818221
3 0 oygen8m6 11.727788798679407
3 0 jqwmcopi 11.723261346929798
3 0 tv3jttfx 11.714936998898475
3 0 b7n8jadp 11.712525902391851
3 0 qsanrto2 11.701371625639396
3 0 zrvkpl49 11.701255453967295
3 0 cb2j9i53 11.697277544941095
3 0 v0ftt9j6 11.69499013490488
3 0 2zmel98u 11.694013614137006
3 0 cpou5md9 11.691905458162415
3 0 u181mobr 11.690898167333685
3 0 2ufbrfqj 11.675819164777582
3 0 3qt12baf 11.671844603859736
3 0 x73q967x 11.671737571582621
3 0 74kzoxi9 11.671028992985576
3 0 2filo2xy 11.670811207833303
3 0 ssq0dwmn 11.67070540542737
3 0 4wpzapq4 11.667520129555426
3 0 6cbbvriw 11.663865964160367
3 0 su6tmi2b 11.663517247186764
3 0 w2n65jg3 11.662919143171147
3 0 45pp83im 11.660199513381947
3 0 k3ylnsi8 11.659714156796687
3 0 nbcob7rl 11.65300107134301
3 0 n0xe9oml 11.651616178531293
3 0 mqjq0pe1 11.65151274350194
3 0 74tejtdv 11.646942996464606
3 0 8rdz0777 11.645116904109555
3 0 7aq69g8u 11.638080762527451
3 0 qp54spam 11.635910498906416
3 0 bysvn1xc 11.633559521112575
4 0 6wzv8pfk 6.267955810138014
4 0 w83bzdfk 6.181940526719516
4 0 xvaudh0f 6.163540037713036
4 0 esa5700v 6.153671700705709
4 0 3d9dizu8 6.0587022068199765
4 0 amuivx3s 6.05778229954252
4 0 hmvo5b0q 6.056495440749544
4 0 pcyfx7t4 5.9981487896314745
4 0 eyxtgmwx 5.9796953180587975
4 0 8hssx4dy 5.97390045855144
4 0 5w1q57v2 5.973844913003601
4 0 fg2yt2o0 5.969453323641423
4 0 lgul9vcb 5.969277547296837
4 0 k2zif7wn 5.968495911719847
4 0 7ns5omnu 5.96046371112544
4 0 a0drmmf7 5.960378293244582
4 0 jsfqsdti 5.950532886933832
4 0 qjwqmeyo 5.9504786199332855
4 0 l852jnln 5.949325463621956
4 0 r63c7wqy 5.9492719239915
4 0 vaovwwkp 5.943024081493293
4 0 2lxs9laj 5.9429701237855665
4 0 b5lcv77o 5.939210646893436
4 0 btdjmlf9 5.931237807855474
4 0 a27luzwj 5.931183183998613
4 0 y708ej9l 5.930716510739095
4 0 hf5b7gxf 5.930660679806769
4 0 zvkmzix7 5.929794071031395
4 0 h5sv5b2b 5.916984343079143
4 0 k33eniy5 5.916932177093865
4 0 kqj4wwx5 5.908796596039822
4 0 4kujw130 5.904747052542423
4 0 6p65yi8k 5.897314322957077
4 0 97pdrvvt 5.897257007810487
4 0 ccbcpfaz 5.89607824922193
4 0 xv6g05zk 5.896022566841888
4 0 bxfyse59 5.8915879547490055
4 0 ad00slxi 5.891324316943209
4 0 lpcyhr13 5.891270291112535
4 0 1xvyljlu 5.8912162651734885
4 0 z5uf591v 5.8734184717736015
4 0 e88plqum 5.858249229212988
4 0 uhi0g9fh 5.841093316954288
4 0 li7f5x0g 5.839787772522431
4 0 ubmcmdk1 5.839572746770317
4 0 irt0wmt2 5.837775528937465
4 0 i14gkdw0 5.823526384262142
4 0 60ngd205 5.822232868173698
4 0 co1mu99a 5.813004683284877
4 0 0vn23ive 5.811484083202558
4 0 9h9u0ylr 5.810734889813523
4 0 9yenf9w3 5.809989815614217
4 0 ixoxk5qx 5.805392887789868
4 0 9lyxc951 5.803301132500561
4 0 xkcsgiz2 5.801376100791119
4 0 ar3b23zq 5.8013217008612195
4 0 ekw3nlw3 5.797294870952246
4 0 bqm6ty79 5.796567286461368
4 0 sbm6avgw 5.794275863466328
4 0 kha16qy8 5.79424460213746
4 0 gkwl6em4 5.7877728129513635
4 0 ecbmkcko 5.787720305132044
4 0 rggj2vrb 5.7865009446743665
4 0 r54nk0n1 5.786290167306719
4 0 jw79tj2v 5.783392249456559
4 0 8e2nctvz 5.781032256912112
4 0 wje8t562 5.777137595995989
4 0 wzt8ti8k 5.7719165973902475
4 0 tmfn5aug 5.771864632455153
4 0 ysa8vb9x 5.771754201120056
4 0 2aekeywi 5.765930668309312
4 0 jd8g61lz 5.765877134552802
4 0 41fia41g 5.765823600647258
4 0 qe9w4qbu 5.76424949761802
4 0 ciqs6l7e 5.764193375560313
4 0 9a688b75 5.763671883837792
4 0 lb3j1buz 5.763349879787226
4 0 l579ebzq 5.762148049046389
4 0 iijm4miu 5.762092752146386
4 0 mm14vyzc 5.760044281732775
4 0 9vsi8hfx 5.75918094274266
4 0 ojwbuf9n 5.755095529393419
4 0 2d2d88t6 5.74857447291162
4 0 uiy18hx9 5.748489227706769
4 0 hdqtdma5 5.747867005891705
4 0 9kfiiabg 5.74769870463224
4 0 l0g04qgr 5.747350868488616
4 0 pxym7m1l 5.7428002036662535
4 0 3tow59gc 5.742677361968698
4 0 zz24hrva 5.741674602372591
4 0 6bv54unc 5.74162167747828
4 0 tdw7crkj 5.739425066678119
4 0 furarcf9 5.7393711142902655
4 0 i88qzqgq 5.738160398599039
4 0 u2owau0i 5.738109034191917
4 0 2djys8ky 5.737078295849145
4 0 uhq8tp4u 5.736428520663323
4 0 fai4m1jb 5.731114208222394
4 0 0tpy95ki 5.731054175803212
4 0 3kmxzbm7 5.731002788123456
5 0 im2np7s1 16.921618673471265
5 0 gazc0xu4 16.61977272586716
5 0 ql1lddb5 16.59173005309574
5 0 dtwstwbe 16.507909017470933
5 0 glq8uw18 16.4267922058915
5 0 m5fcayl1 16.426643828068617
5 0 it3iky4z 16.377731821106696
5 0 2qugltxu 16.34792036640833
5 0 mgsaoz3j 16.27746602323607
5 0 aaplt1gm 16.272952864835954
5 0 26pls6wf 16.195786080086254
5 0 evbulpqv 16.195640270925804
5 0 5mfmqmc4 16.08142956449187
5 0 68wbeol7 16.056204562148206
5 0 xef6fr39 16.056054792618042
5 0 ojwbuf9n 16.012274887842466
5 0 i1lyno9g 15.981426292435351
5 0 d59dck5t 15.957136894043504
5 0 8e50vgyi 15.953435722271328
5 0 598n91gb 15.945806956098963
5 0 jxw6lr8d 15.93936081910189
5 0 leirrg9x 15.916354388166491
5 0 pfj50ftg 15.916214190385459
5 0 fxuk7x12 15.912733864241416
5 0 wrqpb5qa 15.909157577881338
5 0 qbyz4uz5 15.889548018517099
5 0 zvvdqk4b 15.871702013143404
5 0 ct4avetf 15.857129183328473
5 0 cydhg0jz 15.854500511683131
5 0 w9mij6c6 15.838342291116458
5 0 476uhzb6 15.830236648867723
5 0 sxuaqx0j 15.797410060069524
5 0 4ehhtkfn 15.797268784628365
5 0 b7n8jadp 15.791475905030834
5 0 puuxjekp 15.785211759176123
5 0 oahh6qkq 15.785071618787665
5 0 urpianz6 15.773071577291988
5 0 q502kpab 15.766293164951627
5 0 2c6glawt 15.756952831052761
5 0 81iok0af 15.756807716330401
5 0 6fh7ukc6 15.710356840596212
5 0 gtpndq4l 15.702630911057772
5 0 7aaedir8 15.68471396189227
5 0 d6shjb1k 15.684574589538288
5 0 3y15awzt 15.679044044817594
5 0 7ro1up5b 15.677944722738824
5 0 edum7ktu 15.67519765424605
5 0 qwy3xfth 15.669809115955328
5 0 s42tyhn4 15.666931514171745
5 0 vimbhox4 15.666575324642919
5 0 zebz0gns 15.664724262417305
5 0 em1udony 15.649162063686891
5 0 m2cu5iof 15.645353632066069
5 0 oa8vzf02 15.636171070610935
5 0 455hjga9 15.634545695254024
5 0 p8xkooce 15.631308135349737
5 0 ymt1xqo2 15.627666917255132
5 0 nza7r1xw 15.623945817850204
5 0 pgv4ubi8 15.608033270909527
5 0 c4vk23a6 15.604176143500172
5 0 bxfyse59 15.601848171049433
5 0 n0xe9oml 15.587423082183216
5 0 mqjq0pe1 15.587284707768939
5 0 frxsn6sd 15.583566710618868
5 0 nubewu46 15.554957672622436
5 0 8z6qs443 15.554075970233795
5 0 qp54spam 15.553946728478408
5 0 67evoqls 15.541595653478502
5 0 crdgnqwm 15.537567018488929
5 0 gcil6lem 15.53742217525539
5 0 2knedw0a 15.531973862002541
5 0 b4ujldmq 15.524038775524762
5 0 oygen8m6 15.521804447288925
5 0 elphxl9s 15.521004515761371
5 0 up5jpq45 15.517515901868952
5 0 uuau3n7s 15.511030746314761
5 0 75dwpw6l 15.501477911238625
5 0 wlmu65vm 15.501334352703127
5 0 jg387csa 15.4989057126761
5 0 yra14h81 15.495382485441523
5 0 a5phwzxh 15.485383475457501
5 0 7hp3t53o 15.480827964971505
5 0 475mlx92 15.451329683444788
5 0 nppe3k4j 15.451191745301932
5 0 ir5mv8q0 15.451053806833988
5 0 ubpqezmx 15.447994030957425
5 0 fadpsvaz 15.42937839415997
5 0 cb2j9i53 15.424715890206503
5 0 f92w4dld 15.415380978302599
5 0 39giu15x 15.4135697121897
5 0 9yenf9w3 15.412405993598902
5 0 fsktig4m 15.392611109919867
5 0 m4y1hyf0 15.391674064116021
5 0 su8czd4x 15.387991814457717
5 0 0l86swz1 15.387426454193193
5 0 4yo5obz7 15.386429130360817
5 0 j9ghqr9a 15.382989690947296
5 0 xco7r4dh 15.382921268400608
5 0 nj8zbqek 15.382849454712959
5 0 2bfqbs19 15.382783468780065
6 0 deuvq0wf 7.963857531927227
6 0 9ubhd4vf 7.863868603124764
6 0 vaovwwkp 7.815517443182598
6 0 2lxs9laj 7.815446484795059
6 0 sm1ry5hz 7.806235210893728
6 0 jhzx4qu7 7.806161641961237
6 0 2buj9xrh 7.798081187313619
6 0 qsb8luwr 7.785654926300093
6 0 z5uf591v 7.686279659398402
6 0 ojwbuf9n 7.6698374285126025
6 0 7ns5omnu 7.6476229036051
6 0 0khg28ex 7.625395739666778
6 0 a0drmmf7 7.622911805059246
6 0 gxp1n2dv 7.62233856695179
6 0 fnkdh9nr 7.616194007927947
6 0 ezdm1qmd 7.616125026773768
6 0 xce6jsvx 7.61605604552109
6 0 0rzb8ozw 7.606312202866551
6 0 ulnow3rb 7.606243212100453
6 0 ax8qn0ci 7.580285606615709
6 0 v5uz8rsu 7.555730133914438
6 0 ubmcmdk1 7.5551044718759774
6 0 vf3vexi1 7.554953024543191
6 0 as44gr2s 7.552082646808477
6 0 iu6m3ps2 7.539405454951019
6 0 o65g0jgi 7.523180255020011
6 0 aidzw7o0 7.5231137693834835
6 0 ecdjebhj 7.523047283670557
6 0 mm14vyzc 7.511425962847544
6 0 ox0ee6cc 7.491146005199822
6 0 a2mqvbj2 7.488668508676603
6 0 486p0egk 7.478228712094997
6 0 j5g1rkuq 7.478160185829603
6 0 damhn1zc 7.473127930606204
6 0 e5zjrhoq 7.47305897656143
6 0 yvu2uv5s 7.471196588782151
6 0 fwint7w7 7.454732894464705
6 0 nhugxfrh 7.4469442152048835
6 0 fpoqjmes 7.445113534629434
6 0 sxuaqx0j 7.431596292759691
6 0 4ehhtkfn 7.431529832368982
6 0 41n5akmf 7.419812553666156
6 0 4yo5obz7 7.417827579261877
6 0 7hp3t53o 7.417237845389005
6 0 w524alg0 7.416983422117946
6 0 z9tpy8t8 7.416565547075377
6 0 06xno5kd 7.4150992801736
6 0 6d4euioi 7.415032142505388
6 0 xsq2noc5 7.413540135457898
6 0 uo34csav 7.413473335786394
6 0 35fwum22 7.412683438358746
6 0 7smz5pok 7.410904904773063
6 0 zxithylu 7.410836606574473
6 0 pkcwhfqj 7.4107683082658005
6 0 b7waj40h 7.409386165650356
6 0 z10z9t7k 7.409320909580641
6 0 x6g78mc1 7.409247601699411
6 0 wse1ooc1 7.409180228560654
6 0 q4p0uh34 7.409112855321815
6 0 fnoo6dx6 7.408760078225875
6 0 2uvt76kw 7.408693597675931
6 0 fkjw7uim 7.408627117029269
6 0 gwefujal 7.406855138020227
6 0 bla2vurp 7.4012185416798335
6 0 ymt1xqo2 7.39281092538725
6 0 nkwgn3el 7.3881332282089796
6 0 5qrirk7k 7.387524736959196
6 0 h23iqb7s 7.384774658510529
6 0 pxnilzww 7.373545939857095
6 0 x4ietehr 7.373480516354058
6 0 mtnxw5bz 7.370036251545825
6 0 ysogp5ti 7.369970445312148
6 0 2ezdqbe7 7.369895701499082
6 0 l3nps8a3 7.369844281949342
6 0 fepjg45p 7.368353838460801
6 0 5x3k4m3q 7.368288496251344
6 0 6cbbvriw 7.361236939965378
6 0 vprjsyks 7.354947094631674
6 0 0erm9min 7.354879756647366
6 0 uiy18hx9 7.35297796099351
6 0 rfj9lp09 7.351922813430179
6 0 yju9huq5 7.351323892833755
6 0 3qspd4hl 7.351256993331155
6 0 iz1r5anz 7.349580510655325
6 0 4umi4dp1 7.349513243198347
6 0 lo6u1buy 7.346806057190054
6 0 gnaubzah 7.343701200227649
6 0 lqcf8tf0 7.342518583625933
6 0 bxfyse59 7.338661603372433
6 0 5x1gwcxf 7.336395820093065
6 0 uv1fwwu9 7.334785388236474
6 0 dm0ojalv 7.324243587578176
6 0 z8dt5x1b 7.324001039903847
6 0 tiut6lfe 7.3223013855833265
6 0 ufeiuii4 7.315178293733227
6 0 a038jilw 7.315110662947432
6 0 2nwmg7il 7.312892520547739
6 0 2sqnu7zg 7.312246780973346
6 0 6oaks0kl 7.31068404196022
6 0 6dy16352 7.301588557852806
7 0 8clnrlec 11.512836474838481
7 0 39s9oj74 11.497505184328245
7 0 i7gr98xo 11.49740144695243
7 0 ak5q5px1 11.124971042253376
7 0 cbpyoaxd 11.09714656090623
7 0 zc7u3g34 11.082035511730757
7 0 8rdz0777 11.066954278992274
7 0 k3ylnsi8 11.040829219019022
7 0 jg387csa 11.007489622469596
7 0 5mcc9l2m 10.997015467865873
7 0 cydhg0jz 10.974118222214738
7 0 08ftq7hl 10.95824447558182
7 0 ntcecuc2 10.956153276203297
7 0 cot6gtz3 10.95604693493529
7 0 01mo6yo9 10.930471016530744
7 0 0hwsr7o1 10.929384599423974
7 0 8bohkzfq 10.92928718554763
7 0 2qugltxu 10.918297346171068
7 0 p6h7k7ty 10.904221952855128
7 0 czs6o57t 10.881439144742329
7 0 wxqe231k 10.881340343324448
7 0 hezk9odp 10.874960462113242
7 0 jx0zvhex 10.854882783764365
7 0 40tgyur8 10.844448931693446
7 0 3y47oszt 10.844350806927899
7 0 arjjghn6 10.805737682323352
7 0 agdec3vz 10.805639299754901
7 0 0kl1dn0z 10.785101185390166
7 0 r5h8z259 10.769696033698667
7 0 8ngzmxwb 10.765721444636082
7 0 x87oi6w1 10.765624374598117
7 0 g6ngwpci 10.758849712882766
7 0 9jbuynvv 10.75875172553275
7 0 6kv93z18 10.749786093001216
7 0 1di9h6wi 10.746145362559739
7 0 sofzzei2 10.744639894420256
7 0 a3k8t56p 10.74228891875312
7 0 8t0eks8g 10.742107326745943
7 0 bxfyse59 10.739167934596443
7 0 7rsx6cah 10.739145237228803
7 0 oamawnoq 10.72770656462213
7 0 0j1ybctj 10.722912082678063
7 0 b7a2w4v9 10.72281393470144
7 0 3qt12baf 10.717001856499664
7 0 x73q967x 10.716903580250152
7 0 ojwbuf9n 10.716154662046982
7 0 zvvdqk4b 10.716035837021366
7 0 ttrrgb4f 10.701940219434876
7 0 0l86swz1 10.698544747373171
7 0 2mgt1pig 10.688015553738067
7 0 cd2mgrc7 10.687961228545772
7 0 3jwl97qb 10.687919306222176
7 0 sajlyf4t 10.683854987416982
7 0 9unndb2p 10.6733298110524
7 0 rrlqfmxg 10.673232779615248
7 0 gxqzf0xl 10.670864463518717
7 0 cleximpf 10.664784840210809
7 0 puuxjekp 10.663090572286256
7 0 oahh6qkq 10.662995905855563
7 0 d4sjferd 10.650317484813815
7 0 3ys0il97 10.649600468644255
7 0 w66gtl3b 10.649504917078916
7 0 bdwc7ig6 10.645233463909573
7 0 fmqjhn2l 10.642405290892917
7 0 nhugxfrh 10.628552122670918
7 0 2h8i4pyb 10.626784515226943
7 0 9yenf9w3 10.625038790910564
7 0 538mkxfu 10.617498376420158
7 0 aw8jqluc 10.61667655596277
7 0 4lm663f1 10.609737350432582
7 0 xcsc2nhh 10.603694514933165
7 0 2yod46co 10.60114793602681
7 0 wg04ns3p 10.601053670334743
7 0 26nlq7e6 10.601019216934354
7 0 2eb4vlv7 10.600959404529153
7 0 d8zsjhw2 10.600760365447657
7 0 0n8x3i0v 10.59969770177918
7 0 slplx4ok 10.597867353933987
7 0 e2e2xupk 10.587434853523531
7 0 87tlqp4i 10.587340389661062
7 0 9lyxc951 10.584251500273053
7 0 n0xe9oml 10.582383879853614
7 0 mqjq0pe1 10.582289936732723
7 0 z3nb4h3r 10.580797075250775
7 0 baixby0r 10.58070134955471
7 0 dnjsohzk 10.58060562370818
7 0 33ecayoa 10.579401725349625
7 0 vsh9rdct 10.573324972021632
7 0 jalfiv3r 10.566304234873021
7 0 t3nbynoi 10.5653225631201
7 0 tu36aisz 10.565169260011865
7 0 elphxl9s 10.564303248443363
7 0 22zg53fv 10.562821044812859
7 0 no2renjn 10.562728113923887
7 0 7emuxcwm 10.560741168008773
7 0 tss3ubwp 10.558239606210611
7 0 u20simyk 10.557865374930776
7 0 nkxubh03 10.557770539018605
7 0 56luj0q3 10.550698421009878
7 0 yd43ut4l 10.548541582725788
8 0 2buj9xrh 11.426341441762352
8 0 deuvq0wf 11.404221169555735
8 0 iz1r5anz 11.127427084603186
8 0 4umi4dp1 11.127325240188853
8 0 0rzb8ozw 11.06795673870869
8 0 fepjg45p 11.067935142896436
8 0 ulnow3rb 11.067856350137438
8 0 5x3k4m3q 11.067836992976899
8 0 psmnzioa 11.024530368988396
8 0 aqr55a9h 11.013179353574229
8 0 vaovwwkp 10.96525880632732
8 0 2lxs9laj 10.965159250912146
8 0 b7n8jadp 10.946410891348808
8 0 vf3vexi1 10.939809954190311
8 0 6x2inejb 10.928374163790124
8 0 nl8lvzo7 10.928275233107072
8 0 uv1fwwu9 10.916615762617456
8 0 d6i4qqbe 10.85789741764745
8 0 qivr9d5r 10.857797977590215
8 0 sm1ry5hz 10.846183138097192
8 0 jhzx4qu7 10.846080919538116
8 0 8djaymrf 10.81040789948404
8 0 4e0n72dj 10.81031004871319
8 0 fpoqjmes 10.801434459565472
8 0 fqo4leif 10.798792680765297
8 0 6jvx3l1u 10.792113755411746
8 0 nbxiwvdl 10.760561679484203
8 0 onxosato 10.760464876703585
8 0 qexn0nuy 10.756531126804413
8 0 n4745f7w 10.75512265393431
8 0 tp78fd3w 10.755026254312716
8 0 ij7z8ej6 10.735735652702637
8 0 fwint7w7 10.73461054055562
8 0 oc4puh49 10.733699560291827
8 0 v0bt747q 10.720378831963252
8 0 rm1cenb1 10.702032701339656
8 0 azdu4rgp 10.70166334583413
8 0 jxiqtk16 10.691966132352775
8 0 cb62vnyl 10.691131810610367
8 0 24io736v 10.691035226017076
8 0 j0aowefa 10.679788034847364
8 0 voqzmze6 10.679690825661428
8 0 wyl1v83d 10.672898907072687
8 0 8ds1wik8 10.663350992826341
8 0 i7ujxfgz 10.66325627326258
8 0 53b4lrk2 10.661095203497531
8 0 9tvzziiq 10.659829955131691
8 0 yju9huq5 10.651069047993444
8 0 3qspd4hl 10.650972119707891
8 0 x3d2phe0 10.649719501846795
8 0 gc5dfxh1 10.647126839237199
8 0 8qrl65hj 10.647030143493422
8 0 7l17lern 10.646933447598107
8 0 xsl3ihtl 10.639034407426651
8 0 fnoo6dx6 10.635507685055105
8 0 2uvt76kw 10.635412250138552
8 0 fkjw7uim 10.635316815083156
8 0 rvwjv8j2 10.628010592186303
8 0 5noy24p7 10.625545327909323
8 0 mwiw79mn 10.625450344091679
8 0 wn4j6npu 10.624712993104113
8 0 dmbtn0rm 10.611891025673092
8 0 b7waj40h 10.608152305123259
8 0 z10z9t7k 10.60805887682692
8 0 ghj71fd0 10.606906072564145
8 0 czs6o57t 10.604106528090528
8 0 wxqe231k 10.604010244800568
8 0 o65g0jgi 10.601211498383758
8 0 aidzw7o0 10.601117810837994
8 0 ecdjebhj 10.601024123184574
8 0 0khg28ex 10.59349337615312
8 0 kqj4wwx5 10.590689923417573
8 0 d067b5y4 10.588661430213847
8 0 eimqd5b9 10.588562861697506
8 0 40tgyur8 10.587113747517131
8 0 3y47oszt 10.587017951219796
8 0 nvw6fyin 10.585905355728439
8 0 0vc5l7oi 10.583839967630771
8 0 z9tpy8t8 10.579912359917644
8 0 sxuaqx0j 10.576008042562147
8 0 4ehhtkfn 10.575913461855802
8 0 3k1nld7e 10.57375073717655
8 0 ifwu0jub 10.57233784654724
8 0 in2edn29 10.572318640350817
8 0 8ktpx5a3 10.568974585420829
8 0 8e50vgyi 10.563250101791422
8 0 7nnbn6wk 10.5630831937196
8 0 gbjuqmi1 10.555429420138578
8 0 kao0uk4g 10.555065309682327
8 0 9w38n6r5 10.554968596167118
8 0 lg4dezac 10.554302967544556
8 0 kw7lit9j 10.551329950158324
8 0 gwefujal 10.549245644975649
8 0 oa5pd9b0 10.542797859598853
8 0 oko0od3i 10.5412450709313
8 0 t8wg07ew 10.539249802374304
8 0 u5s5heqm 10.524213936418727
8 0 fuhvsy2j 10.520862384468892
8 0 dupu630k 10.519652310793022
8 0 cntnk2kz 10.51880619806651
9 0 vhwghd5n 9.98248016623691
9 0 3ic4i0x4 9.919212614189748
9 0 qp54spam 9.907016351960035
9 0 3lc00ito 9.8911681074212
9 0 xu46bduc 9.851506496338894
9 0 vm3fayex 9.850003295712265
9 0 v5kob7tk 9.8496307419083
9 0 025wpsds 9.841142942080403
9 0 24vsanox 9.837278253361342
9 0 1jrucood 9.837190656847262
9 0 z6dlopp2 9.837103060218917
9 0 d4yidznm 9.834553992030438
9 0 lnvvwrbp 9.81330180858181
9 0 8jz01a8k 9.813213878425158
9 0 lp8s0r2m 9.813125948137982
9 0 80iasxbg 9.800054006141341
9 0 26pls6wf 9.737775693511894
9 0 evbulpqv 9.737688025220184
9 0 sq8yc8sa 9.680792180970645
9 0 2z2z7734 9.656616844957634
9 0 67evoqls 9.652169849091482
9 0 7ns5omnu 9.647459060195468
9 0 45pp83im 9.645500837939307
9 0 yqxq0tjq 9.645280322771
9 0 a3k8t56p 9.644943180871582
9 0 mv1npzvu 9.633016159733875
9 0 z7tbbmg2 9.632928155583318
9 0 5cqdkmug 9.632840151289773
9 0 jdlc7fal 9.630201010603518
9 0 baheh8i5 9.627790465230227
9 0 8s8gezpz 9.603191363936775
9 0 sv0oo0aw 9.596025169758002
9 0 g9f97nfc 9.59594028650455
9 0 iadwmqy7 9.581925422921417
9 0 uy2qf0kw 9.575795265828848
9 0 20bvs2zs 9.57570774837325
9 0 db4mir6u 9.572753720817566
9 0 m4hmhsog 9.571679469764296
9 0 qrf7n7dr 9.567135530498227
9 0 s2w9ppyu 9.548933350413156
9 0 s8crqa9v 9.54885451570184
9 0 lo6u1buy 9.542353628035631
9 0 w8bolkjj 9.53937738750024
9 0 omx4soky 9.526762530801191
9 0 8patrxld 9.52532163814651
9 0 rsw85jwl 9.523331047215477
9 0 w69qfyvu 9.519777221812706
9 0 dayad1yd 9.517730814704034
9 0 vae1nf3q 9.51296465120434
9 0 554vh2y2 9.510284328772075
9 0 k41xro7c 9.510196718796458
9 0 npp1y2ay 9.485187844863821
9 0 35lmsdhc 9.483179820580608
9 0 o6t05a14 9.483072593736857
9 0 zy5mmo4c 9.479334705871278
9 0 j5j3hxxw 9.471506878277541
9 0 ubpqezmx 9.469211821383029
9 0 qva7hmhf 9.469082360836824
9 0 10zzz7qe 9.466064496294113
9 0 sbycmgid 9.465178205520639
9 0 bt59txxp 9.463330888652168
9 0 59cag1h1 9.458839946516676
9 0 7di7qwre 9.452714820337201
9 0 g4gkbq1u 9.45262824294013
9 0 86u7d6lw 9.451044965709949
9 0 7s7vir76 9.448672774644608
9 0 2c6glawt 9.442264199696186
9 0 81iok0af 9.44217724052569
9 0 hdqtdma5 9.438179772521945
9 0 fypsua6z 9.433636736649841
9 0 zubsyqag 9.43355228622873
9 0 4d3t6kas 9.429688395054018
9 0 r4xcx88f 9.424840779795266
9 0 kzk66w6y 9.424753578027596
9 0 1uriiqhh 9.42466637609554
9 0 1he8mh8r 9.424510353792611
9 0 707hxl1f 9.424426107607074
9 0 irt0wmt2 9.420261897538765
9 0 2d2d88t6 9.417034876789108
9 0 cpou5md9 9.415857391151707
9 0 mfd2mlmk 9.413646153005692
9 0 fx2dbld5 9.41331018370806
9 0 kp1rx44e 9.412279898482732
9 0 eghlkbjo 9.409275317341303
9 0 93egl14x 9.406995524807485
9 0 st9rj6wm 9.40690698234538
9 0 wcjqpwr7 9.402757368558785
9 0 mykay3k2 9.401426843959948
9 0 zieigrn5 9.400037707933762
9 0 ed269us9 9.393158738791984
9 0 h2v0731y 9.393075579145304
9 0 fetazhty 9.391833188214171
9 0 kjsqgt13 9.390214376681486
9 0 y8r7fx1o 9.382195763845175
9 0 jgv02ez4 9.381745216828572
9 0 pqxjs22u 9.381332753301042
9 0 mjd55ba6 9.377798868450556
9 0 oxz3sa3e 9.376947268389298
9 0 r5ha4mtp 9.376545826023321
9 0 y8ypv9qg 9.376460351829154
10 0 qekxxsfy 12.893882610550625
10 0 n3wyjqp4 12.743533315458242
10 0 996ts8z8 12.675189610202352
10 0 dtg18ob5 12.659498779964595
10 0 5a7ma7nf 12.60834545791598
10 0 49jvvikw 12.55682351988202
10 0 dxx6y3a9 12.509521321341653
10 0 rbku9x39 12.491596192474274
10 0 r4pf0le3 12.484731448405265
10 0 mitvv9rp 12.484617316597742
10 0 kdxftmea 12.461440788947055
10 0 6vndfmph 12.461328923141538
10 0 gi6bzymv 12.449101960683118
10 0 s94ud6xx 12.416525057973637
10 0 rmv5kg3w 12.401971734644075
10 0 e8gga4oh 12.395711837865841
10 0 54d3p49g 12.362912840572092
10 0 o60zgftx 12.312893735542554
10 0 d64tpbdz 12.312784116414718
10 0 xoq9qblv 12.308538506806407
10 0 y1hzwzb6 12.275893661029782
10 0 aqr55a9h 12.239790851585319
10 0 dn8vvg57 12.23454014320937
10 0 esa5700v 12.230317998353259
10 0 v670hbky 12.165846707018263
10 0 bbf0v60q 12.165733865781863
10 0 uxas9vk0 12.162551388626195
10 0 0z3vfou2 12.162439818875104
10 0 qbyz4uz5 12.153684776076608
10 0 hoboj2lx 12.142706173503013
10 0 t8wg07ew 12.12711271905969
10 0 uggw7qqw 12.120535944169253
10 0 5ylkawjg 12.113181652203219
10 0 ol2pu2v4 12.098383045181883
10 0 aryiusq4 12.08186061972122
10 0 p1jeiljo 12.073562791951952
10 0 26nlq7e6 12.062212020060112
10 0 3v7674m0 12.051527717957518
10 0 d0v3d730 12.051417552744473
10 0 t7p2j504 12.033727316432522
10 0 m2o2j0sc 12.032568295788812
10 0 grl9kcto 12.032455564529709
10 0 jdlc7fal 12.031729713068412
10 0 hhxhol6e 12.029243261371201
10 0 4sjnw4ai 12.027672267475388
10 0 l5lck3f3 12.01895567432544
10 0 z845ng72 12.018845044097835
10 0 1ahtnep9 12.009699663063797
10 0 j9vpgw4v 12.002042262126313
10 0 7nliajun 11.996947798124243
10 0 99b09xpi 11.996840836496759
10 0 b6tgn38t 11.989957751151056
10 0 ewvteg4z 11.987402507823857
10 0 yni5wnwq 11.981780107034604
10 0 zh1j0kpj 11.977982886288409
10 0 qv7pacau 11.973379405890086
10 0 vmetkhi7 11.961379293588129
10 0 j2yhvetp 11.956482557777322
10 0 uan7leat 11.95637494065657
10 0 r71awxo0 11.956293580154373
10 0 p5uwgf7m 11.95273465872807
10 0 vitn1wjh 11.952628203469006
10 0 bkd7ztaa 11.950690036656141
10 0 gxqzf0xl 11.946454602678859
10 0 8xx8q5eo 11.946096109582513
10 0 fx2dbld5 11.938174858254714
10 0 znm3v6ii 11.930845616749862
10 0 fymofosl 11.93073780532022
10 0 tmgcp7s9 11.92262811913812
10 0 4ilkb96l 11.922519398550524
10 0 hdse98ct 11.922276913363847
10 0 ep20kq9k 11.918262591751677
10 0 9b6s26wr 11.914923337071516
10 0 yu7d9vlk 11.905823432392651
10 0 oom0ycp2 11.897597945930594
10 0 l5vknuo9 11.897489587495565
10 0 48w81v74 11.894431545335598
10 0 hfmgc5ve 11.89096923004225
10 0 nz3ww2fp 11.890402360488547
10 0 l54hk7go 11.890295348544024
10 0 zcdvql6t 11.889503037304447
10 0 bbxipprz 11.880324581803723
10 0 nninzqq6 11.880227828375123
10 0 qk6ugrfm 11.878694498167182
10 0 01sd6438 11.867827183343595
10 0 paody09x 11.867721479210752
10 0 se99pkf1 11.86464834619306
10 0 j3rku6rr 11.864540201037613
10 0 l3oo1t1g 11.86118603919043
10 0 2knedw0a 11.85293907575893
10 0 jhavycsq 11.84954724013423
10 0 ekw3nlw3 11.847997284515658
10 0 aj2ixlo7 11.842749303034227
10 0 delhu7d1 11.839591834180515
10 0 g6ngwpci 11.834786546272243
10 0 9jbuynvv 11.834678759714887
10 0 hdqtdma5 11.833510599895199
10 0 5eg7hf6r 11.83328435563839
10 0 2jsns0gh 11.829330722583888
10 0 3qt12baf 11.825869541318301
11 0 xu1dgxv4 12.02065876090464
11 0 b1aleiq6 12.02055223916117
11 0 qe46tqwi 12.020445717269194
11 0 xdnv15ne 11.859519479500987
11 0 ojwbuf9n 11.673709908865527
11 0 kqj4wwx5 11.609347564565281
11 0 iadwmqy7 11.559200996882781
11 0 lqkkelk1 11.547084528316626
11 0 tdptzh5n 11.546969740354575
11 0 06xno5kd 11.512954053781073
11 0 6d4euioi 11.512849813384525
11 0 i0swa4cx 11.507228404945465
11 0 8nkrvo65 11.459817707205545
11 0 op74lfkg 11.456466270063986
11 0 0eo54xwb 11.422289457437902
11 0 x5p99wdq 11.401928574446973
11 0 6p71pt8i 11.401824989133338
11 0 dyalx5jz 11.366942866868108
11 0 1jlttsz5 11.366280218519227
11 0 t3nbynoi 11.346613283693465
11 0 su6tmi2b 11.335631044682593
11 0 vzet2glz 11.333797796642619
11 0 4gpdc6or 11.293712038520468
11 0 lfxne39o 11.290111555367382
11 0 2aekeywi 11.28109603685865
11 0 jd8g61lz 11.280991297574893
11 0 41fia41g 11.280886557999548
11 0 r5h8z259 11.274808280431388
11 0 g13y00lz 11.246512392617502
11 0 lh2nednu 11.246408903360509
11 0 npp1y2ay 11.24407579097548
11 0 0hwsr7o1 11.238487346105218
11 0 8bohkzfq 11.238387177188418
11 0 1s63xdcr 11.228997939730146
11 0 9tuhlz1y 11.22573294938195
11 0 ib9y5qyi 11.221765098956233
11 0 d4yidznm 11.218120852768884
11 0 uzkvgxjr 11.211577020870342
11 0 rd76izq7 11.210612978500944
11 0 tiut6lfe 11.20158935891517
11 0 ar1cv6s5 11.200765406027532
11 0 vhwghd5n 11.197539575503333
11 0 yvlcorrg 11.188717505086418
11 0 bdwc7ig6 11.183552225680266
11 0 6wohyy32 11.18260769476288
11 0 dm0ojalv 11.181839595650333
11 0 vtwl7u1y 11.18109554177246
11 0 fre08osh 11.173288117629232
11 0 ouhmk6xn 11.173183279062517
11 0 9acb9gbi 11.17307322435749
11 0 cd2mgrc7 11.172566628485736
11 0 urpianz6 11.170599586689871
11 0 cd8qbd2e 11.155724702873767
11 0 rjfoi9om 11.145144466977218
11 0 ntcecuc2 11.142709357522836
11 0 cot6gtz3 11.14260120552713
11 0 2977zk38 11.134529766227217
11 0 5mcc9l2m 11.129440414202675
11 0 dolfh09q 11.127344578395425
11 0 68nyjf64 11.127239844423974
11 0 z8dt5x1b 11.120374793685814
11 0 s94ud6xx 11.114029534474524
11 0 xewwyf88 11.108241172283831
11 0 2z2z7734 11.107252609145673
11 0 jflm49xi 11.105602798732441
11 0 7cpuuep4 11.100579555584423
11 0 2nwmg7il 11.095443010516856
11 0 4hnltxbm 11.09311842123254
11 0 3k1nld7e 11.078997836465833
11 0 qsd49pvm 11.074647776890112
11 0 8ydwzl4z 11.064938888073328
11 0 6x2ccdik 11.059443264478086
11 0 damhn1zc 11.058516497679427
11 0 e5zjrhoq 11.058414461497415
11 0 md1etcw8 11.057747849728951
11 0 odr0d7yr 11.054878914051935
11 0 5pp2zx4u 11.054775222670198
11 0 gr0lzz6r 11.054735734279433
11 0 vaovwwkp 11.051056534084674
11 0 2lxs9laj 11.050956199697609
11 0 a0drmmf7 11.049259361773494
11 0 ywt8hmkm 11.046755986671984
11 0 8ct9l9rf 11.046655504419432
11 0 jxw6lr8d 11.045431474519978
11 0 7b9cm63z 11.035748862834907
11 0 vm3fayex 11.023455279402445
11 0 8ktpx5a3 11.02296787055725
11 0 dgqvjdzd 11.018212200686131
11 0 qsanrto2 11.017813247886966
11 0 zrvkpl49 11.017703862608997
11 0 8buc3twh 11.016550117563643
11 0 m2lq1qnp 11.016448088033398
11 0 8uce91md 11.01370338100267
11 0 omx4soky 11.013696698321468
11 0 mxt5ofzu 11.010444964717601
11 0 yvu2uv5s 11.00972634225631
11 0 80iasxbg 11.005576425978916
11 0 u8le60xj 11.00365383321557
11 0 kw7lit9j 11.002989764316382
11 0 dh7sbhit 10.997884225235113
12 0 omx4soky 10.899600091552196
12 0 y7oc75qb 10.579045071653292
12 0 fhlz36l4 10.578950733589332
12 0 icjz78mm 10.578856395400859
12 0 u7caoztm 10.547427075152841
12 0 aer3vwmm 10.343465673039908
12 0 0uefa41h 10.343374209811508
12 0 tt1bbvdq 10.34328274645658
12 0 ovjcbe25 10.334482510403651
12 0 qznrjflx 10.334266195164966
12 0 nbxiwvdl 10.27230375682905
12 0 onxosato 10.27221134645154
12 0 fg2yt2o0 10.271845287729317
12 0 49a39t8d 10.246235680118557
12 0 7hp3t53o 10.235725824197576
12 0 0kl1dn0z 10.219415237573822
12 0 m7z23lps 10.216381275893163
12 0 1he8mh8r 10.197226974109968
12 0 707hxl1f 10.197135820570594
12 0 f4uzfqk3 10.168309682443914
12 0 xxg9ha5z 10.168217703048905
12 0 yp9kj5cv 10.132817217571604
12 0 f58qqihs 10.125099301125543
12 0 5sr9ad1v 10.117597582691483
12 0 iz1r5anz 10.104343847538145
12 0 4umi4dp1 10.104251366951793
12 0 y642td75 10.082801302298915
12 0 fj5ir92v 10.082711153952822
12 0 pql33jms 10.082621005470168
12 0 wpcdpycq 10.074884923310767
12 0 3t4hs9yd 10.071499678819341
12 0 1ub7mcvx 10.071409005375411
12 0 3tow59gc 10.061543672641331
12 0 8s8gezpz 10.059352548808185
12 0 zpthzg31 10.058739835041784
12 0 yj1qdve8 10.042729258803565
12 0 r0dppfhl 10.042434976703921
12 0 ge3hdgsl 10.040045785313017
12 0 vf3vexi1 10.039985592976295
12 0 x2b42r9f 10.039956632015517
12 0 7z7hvxyu 10.039286182374843
12 0 0p0iyhc2 10.033620476335729
12 0 czs6o57t 10.008462004301254
12 0 wxqe231k 10.008371129351378
12 0 ud9130ad 10.007449454954337
12 0 jg387csa 10.0030986202605
12 0 dm0ojalv 9.973259413155551
12 0 bdwc7ig6 9.96822783991398
12 0 9npuaqc0 9.963162248414687
12 0 0l86swz1 9.959935516822075
12 0 u9jffox1 9.955495361326403
12 0 ku7gd060 9.946636139874714
12 0 n5s44u3c 9.93818165366505
12 0 1rmn5zc0 9.935573732215087
12 0 rm92dalc 9.935540973712115
12 0 cr2ac2my 9.918328561371426
12 0 opmxsc6l 9.908752688069645
12 0 0k6oqklv 9.896836613375445
12 0 oamawnoq 9.890034546756434
12 0 wboueeti 9.884313472290616
12 0 vm3fayex 9.87840207303118
12 0 o1bj3rwc 9.873119543471468
12 0 z4koaetr 9.85889877021425
12 0 gtg0r976 9.856277123373804
12 0 wz6hzbns 9.856185925618608
12 0 x3d2phe0 9.855931237624812
12 0 hwb2huwk 9.850821345652049
12 0 2ezdqbe7 9.844255151688275
12 0 et69a041 9.84350905062193
12 0 z45grn88 9.843415855079751
12 0 uiy18hx9 9.843239488912136
12 0 damhn1zc 9.842862599916385
12 0 sxno0tfd 9.842839585313598
12 0 e5zjrhoq 9.842771780490473
12 0 eqd1vcmi 9.842623561934968
12 0 2hml1tq9 9.839750472072256
12 0 szba2mxd 9.83608503523297
12 0 b6tgn38t 9.82349633397378
12 0 w9vaxpgw 9.820842428273826
12 0 8kc6t9v1 9.820752052136429
12 0 npp1y2ay 9.81893456441057
12 0 f9rwlojf 9.816876291154715
12 0 y6ptulmy 9.811447888733273
12 0 y708ej9l 9.806572820773368
12 0 hf5b7gxf 9.806480503074061
12 0 7y2do769 9.799491385412052
12 0 taodvbo1 9.793593547559475
12 0 u170bj15 9.793504540209561
12 0 2zy4udum 9.793375449952684
12 0 4xijeti6 9.792112620349494
12 0 7emv2bao 9.792022450056859
12 0 tjt1wgml 9.784845517072574
12 0 sxuaqx0j 9.78165654253429
12 0 4ehhtkfn 9.781569065673331
12 0 co1mu99a 9.772467439612669
12 0 gwefujal 9.77049315795472
12 0 pxfrh4a1 9.767366062469863
12 0 e3xuvqtu 9.767288663032474
12 0 ccbcpfaz 9.761696750183022
12 0 xv6g05zk 9.7616045610218
13 0 1jlttsz5 8.53685969605208
13 0 i14gkdw0 8.398574386933806
13 0 ojwbuf9n 8.374005885878661
13 0 ku7gd060 8.364123261081104
13 0 uhq8tp4u 8.312595571335429
13 0 lgul9vcb 8.304197933266485
13 0 c4vk23a6 8.290446289957849
13 0 hmvo5b0q 8.267471211937014
13 0 btdjmlf9 8.251002956155887
13 0 a27luzwj 8.25092696837407
13 0 d4sjferd 8.201367835965572
13 0 w69qfyvu 8.19851058268695
13 0 9yenf9w3 8.188979813961696
13 0 buqzcu9f 8.184748135022781
13 0 0f5su3xo 8.184670419292187
13 0 jsfqsdti 8.184320767944868
13 0 qjwqmeyo 8.184246129496845
13 0 0n8x3i0v 8.180686238393001
13 0 ntcecuc2 8.171243952995717
13 0 cot6gtz3 8.171164642272213
13 0 dm0ojalv 8.16585392655832
13 0 v0bt747q 8.163241125558056
13 0 et69a041 8.156502747644543
13 0 z45grn88 8.15642552419791
13 0 m4hmhsog 8.152290235763019
13 0 j5j3hxxw 8.151594224039378
13 0 cfwtyud2 8.145331773473321
13 0 5cmcri6u 8.143388799900945
13 0 7emuxcwm 8.135834677746796
13 0 gzcbwys1 8.12853450947593
13 0 su8czd4x 8.127667915343986
13 0 vimbhox4 8.1263159760912
13 0 a0drmmf7 8.125296347774125
13 0 meow96jd 8.103090409329084
13 0 erdos4yw 8.103013913799346
13 0 2aekeywi 8.101747992936117
13 0 jd8g61lz 8.101672772294506
13 0 41fia41g 8.101597551443486
13 0 3bpz1ozq 8.101118094724704
13 0 zhi8okeu 8.099927618106925
13 0 t01njoxo 8.099852623083622
13 0 c5z7ug0n 8.095948851102241
13 0 xpf9mec6 8.095874356227931
13 0 39s9oj74 8.084290860069896
13 0 i7gr98xo 8.08421791875735
13 0 zc97orc4 8.068424990274996
13 0 3uzsx715 8.068353859793541
13 0 dljpcwl8 8.067926377201893
13 0 njhkhmhh 8.060259810667205
13 0 80iasxbg 8.059189953138029
13 0 8e2nctvz 8.058161572281033
13 0 2filo2xy 8.057701296389927
13 0 ssq0dwmn 8.057628248838366
13 0 x3d2phe0 8.055112953796748
13 0 tsoga8he 8.054746073855114
13 0 bdwc7ig6 8.054707304234674
13 0 t6ph6pe9 8.054466953336757
13 0 tgfts2x8 8.05439399515179
13 0 xpbeuoqm 8.054321036839426
13 0 tmg7dnk4 8.050289534529256
13 0 e88plqum 8.048499874038043
13 0 nmchf2cm 8.041167250819893
13 0 npp1y2ay 8.034465104170646
13 0 80c471y3 8.028861436896328
13 0 r4xcx88f 8.025765107347016
13 0 kzk66w6y 8.025690850293703
13 0 1uriiqhh 8.025616593100406
13 0 qikmhoo4 8.017621101825839
13 0 czs6o57t 8.015123538271766
13 0 wxqe231k 8.015050762459712
13 0 wi5wnizu 8.012115327920048
13 0 lffbko2f 8.011520982604633
13 0 h2nk4iot 8.008898313537934
13 0 b5lcv77o 8.00873251703903
13 0 rhmcteaj 8.006684689928317
13 0 9f71e08p 8.006611470615951
13 0 uhi0g9fh 8.005176985947749
13 0 kqj4wwx5 7.994034222791718
13 0 kw7lit9j 7.982561619878628
13 0 sdvh2mj1 7.980181022568624
13 0 s31a044t 7.980106931845658
13 0 2w2xijf5 7.980032840993529
13 0 l0g04qgr 7.9743836563989765
13 0 vfje1hpq 7.965974679633185
13 0 9lyxc951 7.961938894366792
13 0 0khg28ex 7.954368336704022
13 0 4a132igf 7.951100882708981
13 0 7dgktgf7 7.951029770626542
13 0 zvvdqk4b 7.950364300917546
13 0 mcrf27ew 7.947767204052472
13 0 ovjcbe25 7.946281432054011
13 0 4y8rwex2 7.944968167699906
13 0 vaovwwkp 7.933254201916813
13 0 2lxs9laj 7.9331821745775875
13 0 gr0lzz6r 7.931009039973439
13 0 ugppoay3 7.923700998663863
13 0 0kl1dn0z 7.922337745785143
13 0 475mlx92 7.921496881177416
13 0 nppe3k4j 7.921426163861119
13 0 ir5mv8q0 7.921355446378158
14 0 zc97orc4 17.47843203028326
14 0 3uzsx715 17.478277942058245
14 0 9yic63mv 17.473871577846886
14 0 0gqc0ig8 17.400466713878668
14 0 vptn96yi 17.40031393671575
14 0 10zzz7qe 17.36377148388901
14 0 egag4w0e 17.36050952234814
14 0 6jivoj9l 17.352499826187795
14 0 9tuhlz1y 17.342248393966596
14 0 h8t7afvp 17.337277911450222
14 0 kjsqgt13 17.28926091335593
14 0 w524alg0 17.27443019929771
14 0 3ued3vjb 17.249058529069274
14 0 dfcgen3i 17.246700491251183
14 0 yrgsed69 17.131476939154034
14 0 2842xci0 17.121820974071888
14 0 g2tdk5m2 17.11753027212216
14 0 1o6ctvur 17.039146792782798
14 0 tgp0u3fw 16.96979309176258
14 0 mjx9jhnl 16.969638779666976
14 0 wmlqsk6l 16.960139585213476
14 0 r5h8z259 16.91867696319026
14 0 8patrxld 16.8871532524394
14 0 1nobazeo 16.844354878185708
14 0 an9nu8ok 16.826968449577816
14 0 fl8f02eh 16.79572932363561
14 0 35w81ao3 16.782059468924444
14 0 2yod46co 16.779513777467102
14 0 wg04ns3p 16.779364573580093
14 0 2eb4vlv7 16.779215369513402
14 0 01sd6438 16.77830365730064
14 0 paody09x 16.778154216631233
14 0 zl5txjqx 16.768813210711688
14 0 yqp0lr1s 16.7610969158666
14 0 wu9ngdch 16.741841687487486
14 0 2nwmg7il 16.73296888270035
14 0 8bp704fp 16.709186768760667
14 0 awxgebh9 16.702743596210475
14 0 usee3zt5 16.70013201424411
14 0 rtkb45lx 16.675839307787705
14 0 7nnbn6wk 16.665964787976254
14 0 8clnrlec 16.659389596830046
14 0 r0dppfhl 16.644805208240175
14 0 7nliajun 16.640857993402022
14 0 b31mzs3b 16.640738460577804
14 0 99b09xpi 16.64070962789409
14 0 zeq27ek4 16.632007104236052
14 0 cp77z60p 16.631857863843546
14 0 io5hm0h9 16.627486379799585
14 0 kw7lit9j 16.62450312076578
14 0 2pofdbii 16.610738669774257
14 0 2oytdfht 16.61058855654048
14 0 atvzf2y0 16.603011651361403
14 0 10cgmzam 16.60289829431784
14 0 ax8qn0ci 16.600237950617935
14 0 452khd4w 16.599963372424924
14 0 4h34xweb 16.599814251258962
14 0 ak5q5px1 16.597870446707972
14 0 33gnar5m 16.59767436368222
14 0 6nq1kbfw 16.59718706882355
14 0 18frwjak 16.597040072362045
14 0 2gqx5lh9 16.594294624457696
14 0 famjnaik 16.594144528946014
14 0 okncu0m6 16.593246412126835
14 0 ee1z2jek 16.584287587053943
14 0 508oindr 16.581714254187766
14 0 883t7brb 16.576821687363353
14 0 l3oo1t1g 16.572049364531846
14 0 7df436ew 16.56396200443139
14 0 eph0feis 16.537699814961226
14 0 g6gz2ak0 16.533713378642382
14 0 z8efqlvx 16.53299024913022
14 0 shfuj6ma 16.525331192746645
14 0 ue489rpx 16.524640064533983
14 0 n06zmoib 16.523943664517997
14 0 a9nmfl28 16.523795811433978
14 0 7uu8b6iy 16.523279651571556
14 0 o6t05a14 16.491772737779513
14 0 w2zqz2zs 16.49057790152514
14 0 aeevv77p 16.479393421140532
14 0 baheh8i5 16.47888441044973
14 0 7toi9jiy 16.477166676564494
14 0 qucbc1td 16.472429306453748
14 0 wx30gugb 16.472283363729417
14 0 dn8vvg57 16.467689140181232
14 0 3hay6f82 16.461360757014567
14 0 o2qo7n8n 16.461318767274246
14 0 18kl8jiy 16.461171325973023
14 0 9nk0vdoa 16.45717214344221
14 0 p8xkooce 16.45583869589102
14 0 u20simyk 16.448596284273666
14 0 nkxubh03 16.44844853493446
14 0 lprt1o5z 16.443027038934712
14 0 ll5pvyxp 16.44288133788261
14 0 5m4lppi4 16.438807209386685
14 0 7vwjcp53 16.43865935043272
14 0 0khg28ex 16.431203906313662
14 0 4cipqqwa 16.428481388884826
14 0 7cpuuep4 16.425794597495365
14 0 vzip9c4c 16.416311600511722
15 0 9yenf9w3 15.089792749857923
15 0 26pls6wf 14.824290040516622
15 0 evbulpqv 14.824156578807854
15 0 ntcecuc2 14.7458797454667
15 0 cot6gtz3 14.745736620821539
15 0 zhi8okeu 14.71585882654019
15 0 t01njoxo 14.715722576412086
15 0 b6qts3n0 14.705041725670165
15 0 2filo2xy 14.699499829177055
15 0 ssq0dwmn 14.69936657002135
15 0 bxfyse59 14.596106613946393
15 0 bdwc7ig6 14.589247983409763
15 0 d067b5y4 14.528094340750703
15 0 eimqd5b9 14.5279591005493
15 0 elphxl9s 14.518694188885652
15 0 bh717utp 14.462292146358873
15 0 598n91gb 14.44681275027577
15 0 4oe0veq9 14.439749229369262
15 0 w9vaxpgw 14.423193341533784
15 0 8kc6t9v1 14.423060612339455
15 0 ct4avetf 14.406643875684557
15 0 damhn1zc 14.385048156241544
15 0 e5zjrhoq 14.384915426377441
15 0 4a132igf 14.382175916864137
15 0 7dgktgf7 14.382047287320312
15 0 jcimpmhm 14.35653377167794
15 0 m1evoj5p 14.3564005221159
15 0 26nlq7e6 14.324955365093038
15 0 2aekeywi 14.311049788440892
15 0 jd8g61lz 14.310916917565603
15 0 41fia41g 14.310784046320407
15 0 zz24hrva 14.282193209544992
15 0 6bv54unc 14.282061560920072
15 0 99j9qqg3 14.28129238454664
15 0 u1claajf 14.272325559185163
15 0 ojwbuf9n 14.264309996137198
15 0 7aaedir8 14.25760747727369
15 0 d6shjb1k 14.257480786004656
15 0 co1mu99a 14.255247342095474
15 0 urpianz6 14.251730238756483
15 0 frxsn6sd 14.24303242165136
15 0 bsfl9jak 14.242519167978621
15 0 9o9dje79 14.24238908794327
15 0 68wbeol7 14.23268690920799
15 0 xef6fr39 14.232554149138627
15 0 qxsel9al 14.214515546430455
15 0 yl6qynnm 14.209539032159851
15 0 3m6wqjjo 14.208992474513302
15 0 jx0zvhex 14.197097511856873
15 0 leirrg9x 14.189971045812046
15 0 pfj50ftg 14.189846054723947
15 0 nhugxfrh 14.188878275240453
15 0 m4hmhsog 14.183009710319649
15 0 9fytnga7 14.181717196498049
15 0 wrqpb5qa 14.144309991102107
15 0 2mgt1pig 14.138115388704632
15 0 3jwl97qb 14.13798807241484
15 0 m3i4p928 14.13693309132594
15 0 w69qfyvu 14.134674199804284
15 0 cydhg0jz 14.13377218701712
15 0 8e2nctvz 14.114513026938893
15 0 8x99pb3w 14.104541833287549
15 0 v1u9omkl 14.103502427878349
15 0 w9mij6c6 14.095683652478137
15 0 su8czd4x 14.091774949011654
15 0 ba8s8d0m 14.088247886486304
15 0 fa53v1xu 14.088119806361533
15 0 dr3hk8d9 14.087991725994506
15 0 40tgyur8 14.08746128945873
15 0 3y47oszt 14.087333820663877
15 0 szvm2o98 14.083332307555278
15 0 nh1p6euu 14.078982461632947
15 0 jlo2zol8 14.068039319411724
15 0 0jzr5anm 14.067909469597558
15 0 vhwghd5n 14.065332116378816
15 0 vmetkhi7 14.064477775255389
15 0 3bpz1ozq 14.044253100884301
15 0 d4yidznm 14.039284918772106
15 0 zvvdqk4b 14.038171378203602
15 0 8s8gezpz 14.034883810589722
15 0 fadpsvaz 14.030571811480446
15 0 cm78qs4z 14.026983274122601
15 0 bbjsvi4n 14.026617858722739
15 0 vpvhkm4x 14.026489356896008
15 0 b7n8jadp 14.023862471422229
15 0 0n8x3i0v 14.020989409430715
15 0 538mkxfu 14.020586011430636
15 0 r0peje13 14.02006752770588
15 0 oiy66wk5 14.016518356504758
15 0 omx4soky 14.008279304841137
15 0 h5sv5b2b 14.006905198597229
15 0 k33eniy5 14.00678170933851
15 0 luhvbwgv 14.005314952645833
15 0 szba2mxd 14.004354632490728
15 0 qsanrto2 14.004322232346645
15 0 zrvkpl49 14.00418319689145
15 0 vjd3wga2 14.002060056876935
15 0 1hi76y57 13.994652070687918
15 0 jwr2mr6j 13.98554345802355
15 0 j6cvpwio 13.985418526403063
16 0 zz24hrva 15.280150817108831
16 0 6bv54unc 15.280009969634348
16 0 2filo2xy 15.232798432796455
16 0 ssq0dwmn 15.232660338991783
16 0 btdjmlf9 15.180678028460079
16 0 a27luzwj 15.180538221692832
16 0 vhwghd5n 15.086335319169633
16 0 zt8e47ma 14.893444372475564
16 0 buqzcu9f 14.828505521647156
16 0 0f5su3xo 14.828364722184398
16 0 vaovwwkp 14.8124777408477
16 0 2lxs9laj 14.81234325588959
16 0 gr0lzz6r 14.770772739664325
16 0 9yenf9w3 14.757176630703881
16 0 zm7odfnj 14.720780830588335
16 0 w7tpb7lz 14.709576826287854
16 0 9h9u0ylr 14.70062101771309
16 0 zhi8okeu 14.677872914692573
16 0 t01njoxo 14.677737016265677
16 0 delhu7d1 14.653444485582716
16 0 g13y00lz 14.650083944920505
16 0 lh2nednu 14.649949136346128
16 0 2aekeywi 14.641882503225458
16 0 jd8g61lz 14.641746560735365
16 0 su8czd4x 14.641699487166713
16 0 41fia41g 14.641610617866814
16 0 jcimpmhm 14.631852062863448
16 0 m1evoj5p 14.631716257946314
16 0 07yfqbvp 14.63034933539436
16 0 1jlttsz5 14.569073121672456
16 0 d067b5y4 14.559965444482529
16 0 eimqd5b9 14.559829907597031
16 0 vsh9rdct 14.543927381868501
16 0 2qys8j4u 14.534833985082994
16 0 80iasxbg 14.515915474120854
16 0 n5c3yv6h 14.510534294162547
16 0 7nwba3zh 14.508061254169174
16 0 8s8gezpz 14.499265387686416
16 0 ij7z8ej6 14.48658578285804
16 0 nh1p6euu 14.482434445426348
16 0 0l86swz1 14.48039257162392
16 0 2nwmg7il 14.478089476361541
16 0 damhn1zc 14.46486862884646
16 0 e5zjrhoq 14.464735162484269
16 0 01sd6438 14.45706090279389
16 0 paody09x 14.4569321369244
16 0 r0peje13 14.456591759467885
16 0 wzt8ti8k 14.44155086459945
16 0 tmfn5aug 14.441420846391342
16 0 ku7gd060 14.438446384152426
16 0 oonlbbfl 14.435208014789845
16 0 oj2phz7s 14.435080538078125
16 0 ojwbuf9n 14.431148201130567
16 0 icdm2q70 14.42556496789053
16 0 ugppoay3 14.423465854537746
16 0 26nlq7e6 14.422163688218257
16 0 gc5dfxh1 14.420691188101191
16 0 8qrl65hj 14.420560221364223
16 0 7l17lern 14.42042925442201
16 0 nhugxfrh 14.405696917450902
16 0 oj32vpqn 14.402186513112932
16 0 2d2d88t6 14.392091817669325
16 0 co1mu99a 14.38832453007652
16 0 uhi0g9fh 14.383885950934712
16 0 0re91h50 14.378885429378316
16 0 s3kv4l4c 14.37875270537607
16 0 o1bj3rwc 14.378688583026106
16 0 10flngq7 14.378619981137724
16 0 26pls6wf 14.375864961284488
16 0 evbulpqv 14.37573553670513
16 0 zvvdqk4b 14.369766460366849
16 0 su6tmi2b 14.357672334411985
16 0 ba8s8d0m 14.35166298309486
16 0 fa53v1xu 14.351532508191212
16 0 dr3hk8d9 14.351402033040781
16 0 5eg7hf6r 14.337194237654533
16 0 i14gkdw0 14.336783984429092
16 0 9fytnga7 14.334186338590543
16 0 sbm6avgw 14.321960191712776
16 0 bdwc7ig6 14.31885426060564
16 0 u1claajf 14.317851587775507
16 0 w9rs7z9t 14.307219449917637
16 0 xd1v72bp 14.30645007122396
16 0 ioeisvgj 14.302937639935212
16 0 qxsel9al 14.301527246858164
16 0 gtpndq4l 14.299809395862477
16 0 omx4soky 14.295199939649006
16 0 3ic4i0x4 14.280282552437933
16 0 hmvo5b0q 14.279045082870361
16 0 bu4fizla 14.272218858297556
16 0 mbbvs1x9 14.272087786532257
16 0 8e2nctvz 14.266966353326628
16 0 8hssx4dy 14.262906499316044
16 0 5w1q57v2 14.262773882282872
16 0 2c6glawt 14.261280457824993
16 0 81iok0af 14.261149117598473
16 0 cej0guuc 14.251462292691532
16 0 3pxo0j42 14.251333323556473
16 0 ekw3nlw3 14.248705369532226
16 0 nzn8ockl 14.24562593901525
17 0 pftu5qea 9.527785983885744
17 0 ojwbuf9n 9.427279565114551
17 0 dzvfaa8z 9.400832140188795
17 0 pxzbkde0 9.30052632518764
17 0 4gpdc6or 9.274014778413825
17 0 3xk78ukx 9.134149621665072
17 0 i4fz2c49 9.091066617604438
17 0 2aekeywi 9.011729368415827
17 0 jd8g61lz 9.011645699056363
17 0 41fia41g 9.011562029463967
17 0 9gw2vfkn 8.957593743686115
17 0 ad9h5w6o 8.957510405187424
17 0 c4vk23a6 8.918296405969903
17 0 tultugdf 8.805161460847687
17 0 9t86emhq 8.80507909630482
17 0 kmr22ux4 8.804996731540959
17 0 yvlcorrg 8.7971703499974
17 0 9pudtaco 8.791704689819431
17 0 luh3cypu 8.791624147957384
17 0 4zb63c0p 8.786386033777795
17 0 3gzs3tgt 8.773675206557854
17 0 vimbhox4 8.753368448007146
17 0 jxw6lr8d 8.74195732972639
17 0 npp1y2ay 8.67402247765708
17 0 j5j3hxxw 8.661519040661661
17 0 651q9ii7 8.661368271644436
17 0 x5p99wdq 8.628611400768111
17 0 6p71pt8i 8.628533010747306
17 0 x361ruwo 8.60183656264154
17 0 aqxeyek2 8.60174482478627
17 0 tjt1wgml 8.599131545550089
17 0 ovjcbe25 8.590651532243456
17 0 1hi76y57 8.577030920852389
17 0 fsvacjgk 8.570593964081677
17 0 d4yidznm 8.55363051088387
17 0 476uhzb6 8.552992698790929
17 0 a0drmmf7 8.536572192193795
17 0 t2unlqke 8.531223355503966
17 0 3qlmxcww 8.531141795658415
17 0 iyjaw49i 8.522429475342024
17 0 8khrecrf 8.522352170088435
17 0 8nkrvo65 8.508571357634633
17 0 ar1cv6s5 8.507807427258031
17 0 jgv02ez4 8.489836863799916
17 0 496p6sld 8.48792483511566
17 0 ey939w17 8.485232716451732
17 0 3ic4i0x4 8.463623186906132
17 0 8ppjcadx 8.454756824713472
17 0 bxmrfoeo 8.453965959256935
17 0 mt2151dp 8.448726824791246
17 0 r64okw2k 8.44620696442069
17 0 ljsoikhk 8.44450884430822
17 0 r4xcx88f 8.430455455769245
17 0 kzk66w6y 8.430377454385967
17 0 1uriiqhh 8.430299452855648
17 0 i88qzqgq 8.42906755378382
17 0 u2owau0i 8.428992102066298
17 0 kw7lit9j 8.42508737453766
17 0 n0xe9oml 8.42396528194842
17 0 fr2dc8u4 8.423957014039233
17 0 mqjq0pe1 8.423890499782333
17 0 9je7srvm 8.42053790212834
17 0 9br7y9z4 8.420463152183189
17 0 gmmgvhl5 8.420388402132259
17 0 t3nbynoi 8.419233666972113
17 0 ax8qn0ci 8.41386894593013
17 0 damhn1zc 8.404764119418022
17 0 e5zjrhoq 8.404686569229295
17 0 zywvw204 8.403796518427198
17 0 lra2sfpk 8.402855051515512
17 0 dhdeu6kc 8.389689520350013
17 0 k3kk8jyv 8.387544798085266
17 0 nghu4ck8 8.387468892150357
17 0 k0d3cga7 8.384404595220031
17 0 nrnc8u28 8.37733066731031
17 0 91otsemm 8.375640485563887
17 0 d4sjferd 8.37380709732254
17 0 t73439c3 8.369288188123862
17 0 3sw8194t 8.368764372924922
17 0 obckqu8c 8.36394473080157
17 0 9yenf9w3 8.362963965066141
17 0 gqpd2h9y 8.358182761296641
17 0 wzt8ti8k 8.357515196547384
17 0 tmfn5aug 8.35743995330237
17 0 8u14wuwi 8.355229026809107
17 0 av3gtcy5 8.35515491978643
17 0 dqvrt1ok 8.342723245493119
17 0 s42tyhn4 8.340597980949406
17 0 erbghxia 8.33682214035256
17 0 gbjuqmi1 8.333378937797866
17 0 m7z23lps 8.330498602442374
17 0 d9vopdiz 8.319767130467051
17 0 dtg18ob5 8.316749399975924
17 0 y708ej9l 8.315513177476912
17 0 hf5b7gxf 8.315434896403683
17 0 ifofh5wa 8.311155845493513
17 0 hoboj2lx 8.309815925717963
17 0 3hnn1s0k 8.306427128102372
17 0 zncfnipp 8.306353502643413
17 0 538mkxfu 8.303687332916544
18 0 i14gkdw0 8.28900998893289
18 0 5xcm23f2 8.265508437358259
18 0 3jrulh0s 8.260696136453696
18 0 il0prv0o 8.245132011625175
18 0 sajlyf4t 8.242776982199535
18 0 rd0bwuqc 8.09834589642449
18 0 cn89d1mx 8.098273428275146
18 0 a4l4goo6 8.097521324840724
18 0 be38b41o 8.054965783919606
18 0 7ns5omnu 8.051730890442666
18 0 0tpy95ki 8.048008740743555
18 0 3kmxzbm7 8.047936578016916
18 0 d4sjferd 8.044151759401668
18 0 bdwc7ig6 8.03489825592363
18 0 j5j3hxxw 8.019037335225162
18 0 0kl1dn0z 8.018766259202822
18 0 sbm6avgw 7.9983750383272945
18 0 a2yli823 7.994738852507841
18 0 egag4w0e 7.977069839866848
18 0 xp6ls3lo 7.967240056325395
18 0 svktw6kw 7.967167173413875
18 0 9vbmvh2o 7.941022915818093
18 0 zvvdqk4b 7.920584751491191
18 0 brlolo3j 7.917117083840773
18 0 czs6o57t 7.909451204143018
18 0 wxqe231k 7.909379387815853
18 0 wjunk1j1 7.909178353907649
18 0 i2c4afzk 7.89232337356046
18 0 fkrbl8lb 7.892250655370257
18 0 vsh9rdct 7.884350545763293
18 0 wysz2k74 7.874757173945405
18 0 zgv9s0ki 7.865700124144019
18 0 dhxux00x 7.865627945144167
18 0 15slu3kk 7.861730083995097
18 0 ntcecuc2 7.853844211235165
18 0 cot6gtz3 7.853767981218016
18 0 475mlx92 7.844523302233536
18 0 nppe3k4j 7.844453272080916
18 0 ir5mv8q0 7.844383241763252
18 0 evj862a3 7.836028767586316
18 0 p5uwgf7m 7.8341365839362025
18 0 vitn1wjh 7.834066810360247
18 0 w524alg0 7.831037044739588
18 0 8s8gezpz 7.830054183442261
18 0 wzt8ti8k 7.821395787959311
18 0 tmfn5aug 7.821325371431697
18 0 a290vxor 7.812186993353949
18 0 wi5wnizu 7.810125480327152
18 0 ij7z8ej6 7.809238443068784
18 0 a8mwao1k 7.806361871116987
18 0 mtq8kubd 7.804006427724917
18 0 jxw6lr8d 7.793400610005075
18 0 3y15awzt 7.786803128251666
18 0 5mcc9l2m 7.786303066532178
18 0 slplx4ok 7.78015226951837
18 0 z2hobz7x 7.772126997969717
18 0 2fegi6jb 7.76879934048886
18 0 kw7lit9j 7.762078181567184
18 0 100pko8b 7.76007267596521
18 0 8rdz0777 7.75306113003168
18 0 qbyz4uz5 7.751941642593939
18 0 lgwbvxj7 7.750585173708922
18 0 gfj6py8z 7.742634824591736
18 0 mx1a3xht 7.742564603331956
18 0 x3d2phe0 7.742225148815717
18 0 7hp3t53o 7.7379463623382545
18 0 ckqdh4pg 7.737843833755536
18 0 471z07ac 7.73777423764704
18 0 0l86swz1 7.7368591894948775
18 0 5a5sebej 7.735439458075604
18 0 2ecpwgdn 7.73536730230217
18 0 uqoa2z0f 7.735358386215709
18 0 fwsjo9gt 7.735295146381841
18 0 a5aab4xx 7.729901385950173
18 0 pgv4ubi8 7.718517535138714
18 0 y2lg48m0 7.71816760433531
18 0 0khg28ex 7.7134629661965
18 0 ks04zh6f 7.711693054246839
18 0 b7waj40h 7.70995291077441
18 0 z10z9t7k 7.709885007548232
18 0 bqikpnkb 7.705246034132885
18 0 3rsbtrzh 7.7051777287566665
18 0 v0bt747q 7.705098710342988
18 0 g13y00lz 7.70124788795764
18 0 lh2nednu 7.7011770218620885
18 0 8t0eks8g 7.694761908867524
18 0 nm619vpx 7.690052907028665
18 0 fqo4leif 7.689655346416102
18 0 tultugdf 7.685608214874816
18 0 9t86emhq 7.6855363227681135
18 0 kmr22ux4 7.6854644304685165
18 0 2buj9xrh 7.683887441068059
18 0 su8czd4x 7.682520261255847
18 0 gbqb7u9l 7.682277031240981
18 0 39s9oj74 7.677840488581085
18 0 i7gr98xo 7.677771214507149
18 0 gzcbwys1 7.674147578694387
18 0 i7p6fl50 7.673537341736746
18 0 ps2459sc 7.673465970241404
18 0 mdd53vve 7.673282138732876
19 0 bdwc7ig6 9.083920229062302
19 0 fs8mubxi 9.069145298340297
19 0 4qy35wdf 9.06906491408755
19 0 11xhyrja 9.008234826789426
19 0 0tpy95ki 8.988419493036634
19 0 3kmxzbm7 8.98833889808704
19 0 x5p99wdq 8.984982237235542
19 0 6p71pt8i 8.984900609623427
19 0 zz24hrva 8.960487428881503
19 0 6bv54unc 8.9604048340145
19 0 ojwbuf9n 8.947047459517895
19 0 4a132igf 8.910977406374634
19 0 7dgktgf7 8.910897709466083
19 0 dmbtn0rm 8.886756729323483
19 0 d067b5y4 8.861194779387917
19 0 eimqd5b9 8.861112291641174
19 0 urpianz6 8.852584843072899
19 0 wysz2k74 8.850174898951042
19 0 8ydwzl4z 8.84942881127095
19 0 2aekeywi 8.849097983570122
19 0 jd8g61lz 8.849015824160995
19 0 41fia41g 8.848933664523141
19 0 vaovwwkp 8.846825112374995
19 0 2lxs9laj 8.846744790572968
19 0 zcf7u84n 8.838133272499912
19 0 zubpzdl7 8.838053772747983
19 0 vij0hqsn 8.837974272888424
19 0 vhwghd5n 8.825974477966607
19 0 kqj4wwx5 8.825625283979525
19 0 damhn1zc 8.794416219348358
19 0 e5zjrhoq 8.794335073866119
19 0 pcyfx7t4 8.763684384400984
19 0 jcimpmhm 8.753740261218732
19 0 m1evoj5p 8.753659013748099
19 0 476uhzb6 8.750194875440021
19 0 m8lrc4c0 8.749799254376837
19 0 m3i4p928 8.743506372803587
19 0 b6qts3n0 8.741145671834332
19 0 z5uf591v 8.74113759551304
19 0 8patrxld 8.739309975648677
19 0 7s8g2a7k 8.734828054644767
19 0 ba8s8d0m 8.731997276205837
19 0 fa53v1xu 8.731917891224139
19 0 5x1gwcxf 8.731893455213688
19 0 dr3hk8d9 8.731838506092288
19 0 a0drmmf7 8.714184139559247
19 0 8nkrvo65 8.71390036520234
19 0 hi153d60 8.707820937840914
19 0 dexrrlim 8.707743587798001
19 0 w76qrgmd 8.703510320916514
19 0 5eg7hf6r 8.693797781687573
19 0 883t7brb 8.691694429958813
19 0 lwtydqtn 8.688192171344564
19 0 8xkx6yxi 8.688110582431353
19 0 6jvx3l1u 8.665523138054237
19 0 xsq2noc5 8.6590786401441
19 0 uo34csav 8.659000617553257
19 0 j0aowefa 8.65319509391755
19 0 voqzmze6 8.653116331113637
19 0 o6t05a14 8.652634386391341
19 0 k3bkgf1g 8.649394435395925
19 0 r4pf0le3 8.64586526177372
19 0 mitvv9rp 8.64578622377166
19 0 486p0egk 8.643587241633966
19 0 j5g1rkuq 8.643508036681018
19 0 fepjg45p 8.642314181103178
19 0 5x3k4m3q 8.642237541474326
19 0 uhi0g9fh 8.637399064008452
19 0 cv56vm33 8.635270368422683
19 0 3eke2h8o 8.631104428378327
19 0 lpwbaejp 8.631024099347263
19 0 ofuzk4by 8.630943770154012
19 0 fr2dc8u4 8.619838221808717
19 0 jsfqsdti 8.611906214604781
19 0 qjwqmeyo 8.611827676711092
19 0 8u14wuwi 8.611724922461622
19 0 av3gtcy5 8.611648540438814
19 0 40tgyur8 8.610014912409891
19 0 3y47oszt 8.609937005667007
19 0 y708ej9l 8.604138505160895
19 0 hf5b7gxf 8.604057507009367
19 0 zgv9s0ki 8.603846479232235
19 0 dhxux00x 8.603767526688411
19 0 26pls6wf 8.601878145778265
19 0 evbulpqv 8.60180070386686
19 0 oonlbbfl 8.598329505435572
19 0 oj2phz7s 8.59825357395121
19 0 bqeu51ch 8.597286076526188
19 0 l852jnln 8.592122842681217
19 0 r63c7wqy 8.592045519783916
19 0 tultugdf 8.588747564328177
19 0 9t86emhq 8.588667224147013
19 0 kmr22ux4 8.588586883750288
19 0 c5z7ug0n 8.569284989703656
19 0 xpf9mec6 8.56920613942681
19 0 v0bt747q 8.554988116275007
19 0 cd2mgrc7 8.552251923486475
19 0 0hwsr7o1 8.548512260363907
19 0 8bohkzfq 8.548436067261845
19 0 vprjsyks 8.543894968152397
20 0 j9jub8al 14.647911327698566
20 0 gwefujal 14.583103768455828
20 0 z3l6eden 14.550820723814804
20 0 ughg4yd6 14.52517795408963
20 0 axvti3jw 14.44835844198113
20 0 fypsua6z 14.392524862810648
20 0 zubsyqag 14.39239602015755
20 0 a8bg0ftm 14.36319808970681
20 0 2ezdqbe7 14.244991017683084
20 0 zpthzg31 14.244646820279712
20 0 w2bhtu9f 14.198185844101193
20 0 bdwc7ig6 14.1880401013938
20 0 3k1nld7e 14.17960708774876
20 0 zr6k0l4p 14.175997548512157
20 0 hl3g6778 14.175869443367455
20 0 deuvq0wf 14.156982268295161
20 0 abosc200 14.150010596584046
20 0 knmon4vs 14.122119323652905
20 0 jyfcpsu6 14.11160911206471
20 0 zso57yi7 14.08513303206196
20 0 i2rbfnvz 14.065005151814418
20 0 9q0rdb88 14.058482645203261
20 0 kqj4wwx5 14.043446166305948
20 0 74b6lcwx 14.031007686120432
20 0 bsfl9jak 14.000148817106929
20 0 9o9dje79 14.000020950692878
20 0 lc88slxw 13.981643453056385
20 0 5svfhlzh 13.98151834386956
20 0 2nwmg7il 13.94663019662937
20 0 fskfnmig 13.944678184897878
20 0 6a3u4gt0 13.931342663760718
20 0 8o5juhgc 13.917961252490311
20 0 w9dm3tfd 13.916275988793515
20 0 m0vqst1q 13.912025254484526
20 0 0eo54xwb 13.88819775926521
20 0 a14bssmm 13.88450368387061
20 0 zkmbmrnj 13.86029736256018
20 0 lqkkelk1 13.857742011152498
20 0 tdptzh5n 13.857604253265631
20 0 sxuaqx0j 13.855706048091246
20 0 4ehhtkfn 13.855582137211103
20 0 8s8gezpz 13.84333579122584
20 0 45pp83im 13.839626649760932
20 0 cej0guuc 13.83738999749631
20 0 3pxo0j42 13.8372647755238
20 0 clh9994i 13.836563713231001
20 0 gl7lpjcy 13.836436950357662
20 0 lfhr0vu9 13.825002442038274
20 0 b7n8jadp 13.8203539204034
20 0 xa25e1ew 13.819948788239072
20 0 wz2caqcu 13.791991402474185
20 0 dolfh09q 13.782706576873988
20 0 68nyjf64 13.782576849823029
20 0 dtg18ob5 13.77306596742997
20 0 95g8m5wy 13.759273281795572
20 0 zigt1qz7 13.759149653864904
20 0 rsd6umks 13.757345756157239
20 0 x5p99wdq 13.74829618780861
20 0 larl314p 13.748198259762429
20 0 6p71pt8i 13.748171285993688
20 0 xysks5t9 13.740653506444142
20 0 amb2pr54 13.740526972503718
20 0 iyjaw49i 13.736219612238543
20 0 8khrecrf 13.736095013737193
20 0 m4y1hyf0 13.730850256818606
20 0 b6qts3n0 13.721626454414931
20 0 kw7lit9j 13.713336283377878
20 0 cf27vs1q 13.709158468672685
20 0 hia1me9i 13.708949594688786
20 0 jalfiv3r 13.707381515623196
20 0 100pko8b 13.70248579027874
20 0 0tdt0wej 13.69717156957249
20 0 0hwsr7o1 13.68521586298553
20 0 8bohkzfq 13.685093886316698
20 0 jxw6lr8d 13.68414891035821
20 0 odbaqyi5 13.681584346422957
20 0 39giu15x 13.67565170953144
20 0 yp9kj5cv 13.669034642309432
20 0 y6msg1ml 13.66360864210587
20 0 8nn7lja8 13.6634842940029
20 0 nhugxfrh 13.647913788324317
20 0 exraos0t 13.642303235526569
20 0 yqib10gi 13.640994954892466
20 0 zfzvbsc8 13.639267313737903
20 0 txsvy8ro 13.639146131009475
20 0 cajdh1z1 13.635235938970546
20 0 yju9huq5 13.63072705265862
20 0 3qspd4hl 13.630603008490088
20 0 cntnk2kz 13.627473938161089
20 0 ojwbuf9n 13.617679540314878
20 0 weyym7tx 13.616390544043549
20 0 8mei3fqy 13.612824962890612
20 0 2977zk38 13.609796102680589
20 0 jmh8ncrk 13.607312148590806
20 0 dlbelo0c 13.605748661232806
20 0 dmbtn0rm 13.605608080509722
20 0 gikyzvz4 13.600061502877068
20 0 7om3bpby 13.597299148494194
20 0 nn1e5v9u 13.586854600507234
20 0 1y2zocck 13.583093008134863
21 0 qahldmz3 10.813768728121547
21 0 0db01sfg 10.731363100511055
21 0 p1uyphce 10.73126128240688
21 0 v4yto9p3 10.68598651124027
21 0 4d3t6kas 10.678504057291375
21 0 lo6u1buy 10.596463585377963
21 0 j8rtwy6l 10.563979604172006
21 0 aey40pif 10.544214247405344
21 0 ggk5gpu4 10.538471382167074
21 0 0evrsonu 10.53837659092981
21 0 s8j1oc50 10.491123038126098
21 0 p2bdzs7b 10.49103042941838
21 0 6pqk0b4m 10.44512248353678
21 0 myb4m5q0 10.44502599009106
21 0 ytu39uvk 10.384752411210442
21 0 rd76izq7 10.384134524027154
21 0 w69qfyvu 10.378533771649648
21 0 a3k8t56p 10.374996384128565
21 0 db4mir6u 10.374565380884619
21 0 jdizyzbl 10.373585382472964
21 0 dh7sbhit 10.340137533342224
21 0 m4hmhsog 10.339300149685874
21 0 6fa8fana 10.329118067423847
21 0 ds3nmssp 10.325322579197032
21 0 2sm0lnnn 10.306983378718662
21 0 haiuzuha 10.306888610520852
21 0 mcrf27ew 10.29471309543435
21 0 5sr9ad1v 10.290408429914132
21 0 slplx4ok 10.283484646471964
21 0 jtyoojte 10.27905871506594
21 0 t4wn6e9y 10.271883727965099
21 0 xwpqae0r 10.27179210583109
21 0 3lc00ito 10.262322852208337
21 0 1bckjrbq 10.206090561697184
21 0 gwefujal 10.19578130412054
21 0 8s8gezpz 10.18593318552632
21 0 eixdkcfa 10.171716427401819
21 0 6jivoj9l 10.164583726705704
21 0 w9rs7z9t 10.162452380612523
21 0 bt22e2av 10.161232523549765
21 0 bqikpnkb 10.160931171901893
21 0 3rsbtrzh 10.160841097396373
21 0 rsw85jwl 10.158523935005455
21 0 56saeych 10.158178240765432
21 0 almxcpjj 10.15808481090547
21 0 1gu97h3u 10.155010062387811
21 0 0l86swz1 10.154265489077467
21 0 b7waj40h 10.137797489528445
21 0 z10z9t7k 10.137708203748902
21 0 y8r742ng 10.137002457811986
21 0 cwdwlr75 10.136909485516155
21 0 dzkrar2t 10.136156958076592
21 0 31gzfsmy 10.133073895973054
21 0 v0z5x2w9 10.132982919005471
21 0 vhdihfxx 10.127372701288001
21 0 kjhpnx1p 10.123953343994021
21 0 fre08osh 10.111728901226837
21 0 ouhmk6xn 10.111634023232654
21 0 bg7re61w 10.109163316939533
21 0 j1vqgxke 10.109071896484297
21 0 iygfzqx5 10.109042827980963
21 0 ritil42o 10.102984321558385
21 0 7nwba3zh 10.101273540926437
21 0 btdjmlf9 10.100534711272374
21 0 a27luzwj 10.100441690189731
21 0 adj3nw03 10.099048353645971
21 0 zx4n0p2x 10.095348951319195
21 0 yuk8r3gt 10.092364520609015
21 0 2d2d88t6 10.089892000531345
21 0 o72xreym 10.089650231382054
21 0 v8lhvpa9 10.085820652754519
21 0 hfmgc5ve 10.079471605082437
21 0 buqzcu9f 10.075501052664151
21 0 0f5su3xo 10.075405383877223
21 0 769dklzv 10.071065030119087
21 0 gfj6py8z 10.063847176048718
21 0 mx1a3xht 10.063755902723429
21 0 3145se46 10.06322575492556
21 0 wvynetna 10.059502153053382
21 0 e2e2xupk 10.058170950038102
21 0 87tlqp4i 10.058081208406586
21 0 ffbf3ct5 10.052381818936109
21 0 fepjg45p 10.052260638543771
21 0 5x3k4m3q 10.052171495577165
21 0 tiut6lfe 10.045519332209565
21 0 bpxlvpz8 10.04449401817655
21 0 r4o1hc2x 10.039145188060731
21 0 wjb7ltjx 10.030983364996855
21 0 9nk0vdoa 10.02301670253864
21 0 0uez33fs 9.993129240707566
21 0 3qt12baf 9.993002260922328
21 0 x73q967x 9.992910623839801
21 0 i8nag5di 9.992339717656572
21 0 zkwwn2si 9.992247840870789
21 0 tnk90td6 9.992155963944546
21 0 6i3btnwh 9.990872374860375
21 0 5cmcri6u 9.990483241824174
21 0 ekw3nlw3 9.98604557500777
21 0 fbntoyv0 9.983141295133155
21 0 y01j33dz 9.98305128787911
22 0 dtg18ob5 8.723414464786998
22 0 nz3ww2fp 8.684225496467235
22 0 l54hk7go 8.68414733966237
22 0 mnppxsbu 8.58131024587222
22 0 zcj4d2w0 8.533766373817683
22 0 zh1j0kpj 8.485513956226926
22 0 f44vzv4x 8.404150040339506
22 0 tjt1wgml 8.379737634512324
22 0 j0aowefa 8.370121422762706
22 0 voqzmze6 8.370045236541872
22 0 cf27vs1q 8.321521805077102
22 0 hia1me9i 8.321395017614874
22 0 7ilz0gus 8.31484639393938
22 0 8e2nctvz 8.307831730021102
22 0 1vcpq06y 8.254910044013142
22 0 x3d2phe0 8.252985580410312
22 0 dd836h0r 8.245043722866665
22 0 x5p99wdq 8.235167254116423
22 0 6p71pt8i 8.235092438494025
22 0 yqib10gi 8.226666086684828
22 0 3ic4i0x4 8.219785430626937
22 0 zvvdqk4b 8.217589050136668
22 0 j5j3hxxw 8.206725365624896
22 0 2aekeywi 8.206045332149811
22 0 jd8g61lz 8.20596914316004
22 0 41fia41g 8.205892953958163
22 0 0hwsr7o1 8.196076400747875
22 0 8bohkzfq 8.196003348915383
22 0 op74lfkg 8.194047583842604
22 0 bdwc7ig6 8.164269174690622
22 0 rbku9x39 8.16401358988075
22 0 tu36aisz 8.15650286876745
22 0 yz7goivp 8.140503504607647
22 0 3k1nld7e 8.126050680504814
22 0 0eo54xwb 8.125084792764763
22 0 eazqdlds 8.12240868725727
22 0 yj1wzonp 8.10325195455959
22 0 af69195x 8.10317930639703
22 0 t8wg07ew 8.09546708611073
22 0 wzt8ti8k 8.093783602465681
22 0 tmfn5aug 8.093710733613113
22 0 gtno1kib 8.089447347082784
22 0 6sf5xepa 8.08538592281558
22 0 fd5agzpv 8.082416032009935
22 0 es11ww6s 8.082343513911225
22 0 mvged6u9 8.082270995714483
22 0 pjtlk8ni 8.082198477419702
22 0 8h36iwxi 8.076774786444789
22 0 8okqaaig 8.067055421356535
22 0 0zkwn7hi 8.064943480137465
22 0 iik3mpmw 8.061821902684471
22 0 6m9lfl8o 8.05929823016362
22 0 vpqiu4mb 8.059147931008171
22 0 o6al938h 8.059074546405938
22 0 0tpy95ki 8.04729953972367
22 0 3kmxzbm7 8.047227383356105
22 0 j9jub8al 8.044599720718962
22 0 kqj4wwx5 8.04364490089678
22 0 2383gpsi 8.04312419448167
22 0 mupp2cew 8.039062924057717
22 0 lytvno2y 8.038991075794
22 0 9a688b75 8.037642906262619
22 0 jlpb0taf 8.030629832161225
22 0 4a132igf 8.014320452616712
22 0 7dgktgf7 8.014248775118824
22 0 t89z5tl2 8.013932969802253
22 0 100pko8b 8.010203247419861
22 0 i2rbfnvz 8.007265737285861
22 0 rd0bwuqc 8.006697741217288
22 0 cn89d1mx 8.006626093182604
22 0 d46ki8u4 8.005547835697628
22 0 hxioe4mt 8.0054741401141
22 0 u77beczw 8.00540044440901
22 0 jsfqsdti 8.004175002291346
22 0 qjwqmeyo 8.004102006716415
22 0 l3v7ht6o 7.998652622770471
22 0 ny084m1h 7.9985769964973645
22 0 li7f5x0g 7.995874129227005
22 0 8phat1vo 7.992704050954145
22 0 7s7mchvm 7.992632615376111
22 0 r0peje13 7.9902608221075235
22 0 o3b5zm5l 7.977814956968137
22 0 njhkhmhh 7.977804747967722
22 0 et69a041 7.970686652895917
22 0 z45grn88 7.970611188703184
22 0 gkwl6em4 7.967848630489993
22 0 ecbmkcko 7.967776344591811
22 0 p5uwgf7m 7.966253343510337
22 0 vitn1wjh 7.96618239325605
22 0 d9qtn37b 7.962529518764959
22 0 cek3pcgp 7.959491967397834
22 0 0phtilhi 7.957114797836193
22 0 n5s44u3c 7.954336792764022
22 0 w5u5afbr 7.954271065641596
22 0 iigpyzw4 7.951126573353078
22 0 ageagm59 7.95028068648873
22 0 2hml1tq9 7.949569743311534
22 0 c5z7ug0n 7.947789202070897
22 0 xpf9mec6 7.9477160704876155
22 0 3ued3vjb 7.943474929013598
23 0 gwefujal 11.69186865721543
23 0 tu36aisz 11.238857342092263
23 0 yqxq0tjq 11.134289101035204
23 0 ed269us9 11.124794866915352
23 0 h2v0731y 11.12469637672305
23 0 c02mznhw 11.077373552911208
23 0 6u7uwdgp 11.07727441087243
23 0 4z5c19r9 11.077175268709059
23 0 cd2mgrc7 11.06167734592882
23 0 2qugltxu 11.061463683553471
23 0 3ic4i0x4 11.035015508420546
23 0 6x1704l3 10.988632256958489
23 0 fyubphq9 10.956429310054537
23 0 7ilz0gus 10.947281534220036
23 0 d9qtn37b 10.941933645199239
23 0 d4yidznm 10.898761729052062
23 0 u181mobr 10.88369197782294
23 0 vhwghd5n 10.880105081104604
23 0 8z92r3k9 10.877689937492127
23 0 e2e2xupk 10.873052296942392
23 0 87tlqp4i 10.872955284726402
23 0 oxz3sa3e 10.850013146776428
23 0 akny0cdq 10.844029912232171
23 0 n19jsqcx 10.843728839293565
23 0 fbq8yraw 10.840272737032366
23 0 10zzz7qe 10.83628996214595
23 0 op8qoqry 10.81283452857306
23 0 jg5lsor7 10.812736952557811
23 0 8r6qvxw7 10.804728990796324
23 0 zamy6dgj 10.804630960944927
23 0 dd836h0r 10.794037440774078
23 0 g484ymy9 10.790134991715226
23 0 6jivoj9l 10.779425572830888
23 0 w2h8wr4j 10.767802448548812
23 0 0p0iyhc2 10.758444443948886
23 0 dgqvjdzd 10.75712605896694
23 0 z542qay9 10.752698638176899
23 0 7tvrbghs 10.745070634556443
23 0 vg12z0on 10.74500451102489
23 0 8clnrlec 10.737688893392864
23 0 xuddz3ua 10.732500339545984
23 0 fskfnmig 10.73232085474248
23 0 cf27vs1q 10.725037767473628
23 0 hia1me9i 10.72487435982384
23 0 z3nb4h3r 10.721525167392874
23 0 baixby0r 10.72142816851347
23 0 dnjsohzk 10.721331169481596
23 0 46ygec7s 10.704167538208718
23 0 xysks5t9 10.694393889536228
23 0 amb2pr54 10.694295407771977
23 0 r5rqsxzz 10.692107021735197
23 0 3qk0lwh0 10.687321526747242
23 0 ggk5gpu4 10.68071161222409
23 0 0evrsonu 10.680615541567173
23 0 x15klaox 10.678291955758567
23 0 f2tfos0k 10.678195484985356
23 0 eghlkbjo 10.67685515666381
23 0 9tuhlz1y 10.66825035478979
23 0 jgv02ez4 10.665874179500793
23 0 zgjox3li 10.665447432561693
23 0 9vbmvh2o 10.664575128136242
23 0 lnvvwrbp 10.662979321080977
23 0 8jz01a8k 10.662883777556445
23 0 lp8s0r2m 10.662788233890089
23 0 ak5q5px1 10.661363635357713
23 0 zhidc837 10.660048491888793
23 0 rtkb45lx 10.658690536465784
23 0 bxfyse59 10.649672086236114
23 0 i2rbfnvz 10.6445636978294
23 0 93egl14x 10.641753941642126
23 0 st9rj6wm 10.64165377713236
23 0 a8bg0ftm 10.636864320025797
23 0 dh7sbhit 10.63683378552657
23 0 xu64mb51 10.635248140893038
23 0 ffbf3ct5 10.634006058522965
23 0 gyf75oyx 10.632369949265147
23 0 nhugxfrh 10.627759837619681
23 0 4oe0veq9 10.626722966530972
23 0 mv1npzvu 10.619450260530453
23 0 z7tbbmg2 10.619353244633867
23 0 5cqdkmug 10.619256228579651
23 0 obm632oh 10.618719226182286
23 0 7hp3t53o 10.61627592102223
23 0 axvti3jw 10.612073286085165
23 0 mupp2cew 10.600230910363194
23 0 lytvno2y 10.600136171934958
23 0 9acb9gbi 10.599806151685744
23 0 oygen8m6 10.598567886001314
23 0 6nq1kbfw 10.598219858392032
23 0 18frwjak 10.598125993039368
23 0 0n8x3i0v 10.596382708557048
23 0 slplx4ok 10.596281598514839
23 0 8s8gezpz 10.593561251054364
23 0 8z6qs443 10.59039449551466
23 0 fypsua6z 10.589596506262154
23 0 zubsyqag 10.5895017076273
23 0 0gqc0ig8 10.588687229503625
23 0 vptn96yi 10.588594260181564
23 0 n06zmoib 10.58522951522164
23 0 a9nmfl28 10.585134800614721
24 0 3ic4i0x4 10.19873327559889
24 0 wpn8cw5t 9.987642949497722
24 0 nih2cnnz 9.824992537533607
24 0 t8wg07ew 9.72962527561394
24 0 8ydwzl4z 9.648786336045386
24 0 f6yridgz 9.521971239585671
24 0 cd2mgrc7 9.496436638250211
24 0 bc1huphj 9.495357155314311
24 0 sc8q1rox 9.495265934915137
24 0 ed269us9 9.482818434166802
24 0 h2v0731y 9.482734480743632
24 0 dd836h0r 9.452314434177017
24 0 fyubphq9 9.440389240745734
24 0 eazqdlds 9.434126429986124
24 0 6ze9b2iq 9.413054928745286
24 0 cn3bpmwj 9.412968625075015
24 0 xysks5t9 9.410528837573398
24 0 amb2pr54 9.410442178573176
24 0 3qt12baf 9.390537915911258
24 0 x73q967x 9.390451803502245
24 0 tu36aisz 9.387600827993504
24 0 8e2nctvz 9.386948454812682
24 0 8jyby4xo 9.3766549854862
24 0 u9jffox1 9.351902482704299
24 0 ak5q5px1 9.345449835533538
24 0 t3nbynoi 9.33946357310543
24 0 sq8yc8sa 9.326784119700228
24 0 x3d2phe0 9.323754268361121
24 0 sreean6a 9.312750145728593
24 0 2qugltxu 9.312650296047527
24 0 o2vl31aq 9.310533113862247
24 0 63ihwrpe 9.303559764060099
24 0 sg8epmf0 9.30258334247507
24 0 0gqc0ig8 9.300226181630036
24 0 vptn96yi 9.300144525074849
24 0 m0vqst1q 9.291278085996947
24 0 8clnrlec 9.289034270124276
24 0 tiut6lfe 9.28828145396092
24 0 yx3wxrhh 9.288268402034602
24 0 cf27vs1q 9.286365103883984
24 0 hia1me9i 9.2862236159816
24 0 loinwmmu 9.282258439752153
24 0 dmbtn0rm 9.280277543088669
24 0 0tdt0wej 9.276109457207495
24 0 z542qay9 9.267263565672696
24 0 ggk5gpu4 9.262524778291299
24 0 0evrsonu 9.262441463913712
24 0 8z6qs443 9.261369849102893
24 0 33wub3e0 9.260720743318679
24 0 vy46mpz0 9.253397513721453
24 0 5mcc9l2m 9.251150589021757
24 0 j5j3hxxw 9.251146467085784
24 0 fbq8yraw 9.24859421949781
24 0 6v8hucso 9.242553446821372
24 0 8z92r3k9 9.241802934252668
24 0 r4xcx88f 9.237709398812898
24 0 kzk66w6y 9.237623928447126
24 0 1uriiqhh 9.237538457920232
24 0 yju9huq5 9.234461625339492
24 0 3qspd4hl 9.234377588654601
24 0 dh7sbhit 9.23160975982232
24 0 f44vzv4x 9.218819590059232
24 0 hfmgc5ve 9.216210563492838
24 0 b6qts3n0 9.214554624442927
24 0 bqikpnkb 9.206002875266847
24 0 3rsbtrzh 9.205921265998684
24 0 p9hahvh5 9.20361030554602
24 0 wje8t562 9.19954634411923
24 0 0hwsr7o1 9.197524564373968
24 0 8bohkzfq 9.197442586609125
24 0 oqu072nx 9.196851455412569
24 0 2qsr9o3v 9.196266719152135
24 0 ibx322nj 9.196180260638329
24 0 7ilz0gus 9.18896659401682
24 0 a3k8t56p 9.1799845939619
24 0 bdwc7ig6 9.175803707654476
24 0 hlwzaf2e 9.170282461755322
24 0 bxfyse59 9.1701532196385
24 0 gbqb7u9l 9.167373161309456
24 0 evj862a3 9.164052513461765
24 0 39s9oj74 9.163512143049836
24 0 i7gr98xo 9.1634294643567
24 0 czs6o57t 9.16022389218474
24 0 wxqe231k 9.160140719077155
24 0 z8dt5x1b 9.155568576097037
24 0 l32ia5gj 9.153700651158333
24 0 nzgsen6i 9.152820012686332
24 0 6jivoj9l 9.152103933764746
24 0 pi5geupd 9.148923573389826
24 0 weyym7tx 9.144372796909936
24 0 cydhg0jz 9.142940114887773
24 0 a290vxor 9.140964799975357
24 0 d8zsjhw2 9.139104646938948
24 0 mupp2cew 9.137693937412271
24 0 lytvno2y 9.137612270251559
24 0 jg387csa 9.127390429453623
24 0 a0lgojel 9.126364033538042
24 0 qekxxsfy 9.12598073478692
24 0 uuau3n7s 9.124301316954895
24 0 z2biippi 9.120997307017822
25 0 j5j3hxxw 12.793547811110619
25 0 uhi0g9fh 12.701892299302903
25 0 zvvdqk4b 12.580408506724268
25 0 slplx4ok 12.536809657574016
25 0 ak5q5px1 12.472438324013103
25 0 czs6o57t 12.44525085838896
25 0 wxqe231k 12.445137857855267
25 0 bdwc7ig6 12.39183490306653
25 0 8phat1vo 12.389371841454148
25 0 7s7mchvm 12.389261110225602
25 0 xd1v72bp 12.36282585277359
25 0 gbqb7u9l 12.30589600314504
25 0 n0xe9oml 12.290977950511024
25 0 mqjq0pe1 12.29086883966789
25 0 wzt8ti8k 12.24818861683568
25 0 tmfn5aug 12.24807834560848
25 0 ojwbuf9n 12.235885242619382
25 0 ugppoay3 12.219283626217925
25 0 80iasxbg 12.206275281516444
25 0 bxmrfoeo 12.186322735674706
25 0 3k1nld7e 12.174776218690367
25 0 5mcc9l2m 12.169552021254948
25 0 0kl1dn0z 12.166791701824286
25 0 fyubphq9 12.15248893920838
25 0 kw7lit9j 12.140750860796231
25 0 r4xcx88f 12.139220598465162
25 0 kzk66w6y 12.13910828235086
25 0 1uriiqhh 12.138995966024826
25 0 fepjg45p 12.126584923876194
25 0 5x3k4m3q 12.126477385901028
25 0 uuau3n7s 12.124428761480962
25 0 sq8yc8sa 12.119356992410495
25 0 dd836h0r 12.086344116175056
25 0 vhwghd5n 12.0846769352021
25 0 zt8e47ma 12.078672044092253
25 0 ubpqezmx 12.07595932563583
25 0 sajlyf4t 12.074956441049816
25 0 op74lfkg 12.07108947631329
25 0 zhidc837 12.066036090662589
25 0 2knedw0a 12.062682950917932
25 0 xysks5t9 12.06062946774656
25 0 amb2pr54 12.06051840469051
25 0 xymm0s3f 12.058598417980981
25 0 spae84j3 12.058487705959724
25 0 ntcecuc2 12.0532997309247
25 0 cot6gtz3 12.053182740668655
25 0 15slu3kk 12.04885513951575
25 0 i88qzqgq 12.04651988189175
25 0 u2owau0i 12.046412049013504
25 0 r5h8z259 12.045159327806683
25 0 npp1y2ay 12.044004875667364
25 0 jgv02ez4 12.043991477266738
25 0 2nwmg7il 12.038617041748322
25 0 qbyz4uz5 12.03826982961668
25 0 6jivoj9l 12.032191100392971
25 0 100pko8b 12.018078564644595
25 0 8patrxld 12.01370048786546
25 0 ax8qn0ci 12.012750545686865
25 0 xurvzww8 12.01227806292503
25 0 3lsn0qgl 12.012169831499438
25 0 wn4j6npu 12.011717468014279
25 0 8s8gezpz 12.00334001814533
25 0 vzmih2vg 11.99961716473297
25 0 hczmytse 11.996635885823189
25 0 fr2dc8u4 11.992820901611253
25 0 7ns5omnu 11.98940134670229
25 0 45pp83im 11.984967515144872
25 0 z8dt5x1b 11.980199324273167
25 0 wrqpb5qa 11.979243896684933
25 0 ttrrgb4f 11.973672658705855
25 0 ifofh5wa 11.9660500500037
25 0 vaovwwkp 11.964251521284908
25 0 2lxs9laj 11.964142895848111
25 0 im2np7s1 11.960145668904428
25 0 8uce91md 11.959515866281963
25 0 t6ph6pe9 11.956482577632295
25 0 tgfts2x8 11.95637427459095
25 0 xpbeuoqm 11.95626597136049
25 0 538mkxfu 11.950590903855028
25 0 zh1j0kpj 11.949016089641594
25 0 cd2mgrc7 11.940191214030957
25 0 8clnrlec 11.939049968539795
25 0 vsh9rdct 11.93776020335184
25 0 c02mznhw 11.936254359090762
25 0 6u7uwdgp 11.93614753010401
25 0 4z5c19r9 11.936040700983003
25 0 dtwstwbe 11.935597944450176
25 0 dtg18ob5 11.932864908419328
25 0 67evoqls 11.932783378825677
25 0 v0ftt9j6 11.932031908901001
25 0 lfxne39o 11.927298042988465
25 0 oygen8m6 11.916938120651766
25 0 7w1bqodj 11.912810238252328
25 0 dh7sbhit 11.910619119682954
25 0 9xdp0l2f 11.907258726998446
25 0 nqu3dsrb 11.90715153800591
25 0 z2biippi 11.90563974855535
25 0 sbycmgid 11.905484420868733
25 0 39giu15x 11.898988153233633
25 0 qdvmcu44 11.898527205674721
